105
0.8320399922673722
-0.2161491499794934
-0.09579755119807343
-3.176720824008989
-1.730270331479459
0.09795528329594527
3.000895357084474
2.934814370205441
-1.056007428011656
-1.480750672618268
-1.800340040251332
-0.3359037875153005
-0.1520334703393817
3.804602626709059
3.75186584477653
-1.225669849877929
1.369956850912561
-2.937157698442739
-1.081984532842779
-3.041495637224167
5.346678577894618
1.419336238956464
2.654188142911522
4.101552959384103
1.172837102546689
1.904918492498735
-5.366742188476525
-0.06350133290217175
2.445872109284699
6.584361947469527
5.025386019694352
-1.031068132848504
-1.249308122091353
-6.847857240625146
-3.287912611541286
-1.750826098675844
2.748121893521228
-0.902100791455842
-1.057228122562998
-3.97117833476207
-0.6670441139352044
-7.134918107929609
-9.581962408545142
1.580495231601516
5.355995942445522
3.634451628734262
-4.731257852885767
-11.53919464434138
-6.640245489601483
0.2007135654098647
9.609340802938528
-1.753314549461923
0.4346416206292344
-10.23011366178665
0.2936274855184483
0.1320065333431003
-2.716670622212834
-2.427018470707713
-1.914576298276636
-1.92541822693446
2.096109271854034
-4.134254800654714
-2.337429745762812
-13.01293338244598
-5.650635368552115
4.770639299105456
2.383776772277329
4.391063737367716
-4.667573258481104
-8.414209049825626
2.028264013441892
-7.156495677033966
6.533741113331132
-3.869649500122275
0.9336244877071671
-2.028723729679968
-2.368451867117896
1.383088079545038
-4.010970764884989
3.899866588756882
0.4938613629423959
6.560857636118675
3.795865213664389
-2.159411659130408
2.695309539198759
-0.9571125358753758
4.826589738519346
3.491252156127718
-0.838401917100561
-1.611581393597788
-5.403075092537185
2.09245345590945
3.985121913708011
1.302949427757695
1.2641052221347
-3.683187264216706
-0.7425677823934493
2.038621669159302
0.3937728983156801
2.055752030078851
-1.288471749447501
-0.9573220482451685
0.784479112040694
1.517169246746058
1.414434055368295
0.4021834190727225
