49
-1.464072132233564
-2.470312825623114
-2.879030058569755
-4.571500873459272
-2.796773674337554
-1.924728586303409
4.314191225131131
-9.780299601042785
-6.849866263964152
0.274902591609818
-16.95468382674954
3.393371937513989
8.849296399787676
23.92018981087961
-12.15944280017141
11.67896624453318
-33.30511415531165
16.11986085591831
-30.77528592793982
-21.31574253612932
-28.67909821992699
21.91194740026814
38.43776227181674
-14.51219248702386
-15.69199867811612
-25.01062871004019
21.49214145703807
-24.44247697314363
18.61248333594411
43.79699790095772
-37.42053727592367
37.68760447468964
-58.5834639931952
-5.670886923405757
-68.77981531376942
-12.0460038352972
55.95958108546193
24.74466723797129
17.2712019566778
-49.94700571985312
-54.17470585190443
37.86369043302895
44.46655162724971
59.81275610058232
27.45456405796789
-81.72008873788646
4.197861817757538
31.24689894879558
54.83218369857978
23.47821589721284
