125
0.2183439316110387
0.2777264862117861
0.3736239489626146
0.4357992763292636
0.7831665679814451
0.8685383337920208
1.451774856790608
1.241081819966086
1.156012693130797
1.583465258028363
2.338053925365067
2.02785434503692
2.571252846347128
2.292327086106459
2.775451692839273
3.190542351695475
3.811039492715765
2.884780852258188
4.257375729825315
4.571169730858755
4.121044297404578
4.535716084967919
4.102619316695389
5.142054549027891
5.596686789405776
6.497580910070189
5.125862165899056
5.565332137615162
6.511177599850442
6.309885584527978
7.397372402888166
6.018862238173034
6.884282094652035
7.064272291814343
7.337099746544976
8.225534114015856
7.04526232865363
7.705004992516136
8.259244099149342
9.754661491181819
7.474969197391604
9.036604766480641
9.409461789265974
9.228846813019137
10.17658930403968
10.88116726066862
9.298040964140638
10.58807083291657
12.17223344821945
12.24484604855222
10.89415454761872
12.58489488015181
13.06454421777943
12.07856987763763
14.59453899791285
14.14542370897355
14.06029973535873
15.0419902986734
15.5105689259715
14.6128040633999
14.32453542884597
15.94117275662814
15.24620978896514
14.82350541127025
16.09464414891112
14.49437745363526
14.09957250351422
17.18118359564448
15.38594512392844
14.97172944655591
15.68457676313646
14.61175051193395
16.28250185086848
13.6766020789828
14.39448502185914
14.34181043599939
14.48313945417533
14.23725686770465
14.32443888246613
12.89091129980199
13.8790282919831
13.27501226703573
12.03305495275647
12.13855907440783
12.03001039982849
12.4607343322135
12.35493506378832
11.17387660828701
11.77623033025963
11.61896519940859
11.03665413986086
12.00128428996925
10.78781743454664
10.43036431177767
10.62259732143245
10.52882860055829
10.03930491908862
10.2455030603312
8.749268203391971
8.990131165166323
9.473858319888672
9.641981276760468
8.143363557866349
7.915816198016783
7.107521741794848
7.96726479928042
7.131606105240485
7.023853990823013
6.605592053925422
6.502307988463667
5.538683925073435
5.621973085299921
4.501123596288764
4.537255066947957
3.588039452558845
3.469382995409441
3.220919826351707
3.384121931684049
3.010524548380849
2.926853052463101
2.135967042887201
2.346190134075771
1.515488662850692
1.808813300718052
0.9036787535032897
0.8027323552508423
