756
0.3214343090710603
0.4926130185794202
0.6987119603657231
0.986341776376122
1.048546110793559
1.308743710946349
1.230558221007847
1.892365129005344
1.617458516746076
2.595925362488468
1.985038159251593
2.694459396151335
3.039673305198923
3.301465064029357
3.9003412399406
4.326367909309682
4.993387181371373
4.103267904861283
5.531282457724709
5.835593655446627
6.040435684588285
6.562695966819745
6.558670531007457
7.578002996918993
6.882239924956952
8.481621053209418
8.046340032763803
8.58883437453299
7.986795859878741
9.30294138897376
9.641803604626766
9.654356279100604
10.27640117311472
9.516203774570624
10.14409914428469
10.71610723967747
10.26127324833231
10.42639711363744
10.80120900946174
12.04380998916747
11.24389613330231
13.15313776268007
11.09391246249739
12.77703388902021
11.34045673530895
13.85536376058361
12.48846965014634
14.16300136647024
13.7047809909703
14.18286652228707
14.37006078076863
13.2928314827664
14.63380792973937
14.07135231909535
16.05433729693001
14.68444461861706
15.49193657958203
15.39180634366446
15.78647545714448
15.86199323182071
16.35121698920004
16.25043103783263
15.03432038648206
17.35751865276374
16.54303140591273
16.64869948171569
18.05167058481298
16.55179375495178
17.17651993268461
16.93761430070982
19.37783514541945
17.64961477709656
17.22097006652626
18.18935165170944
19.07086677405227
18.27782425834793
18.63211812057892
19.02316961162845
18.15797031477022
20.8138800551605
21.32475228620433
19.49208992125905
19.3764869809889
21.97990877372992
22.45244128999233
21.98659120736884
22.92869026808146
21.81616302505224
22.30578760304244
22.64306651688049
23.87675389718605
23.1254700625047
23.83059043770859
24.48602589548337
26.33560431010279
26.51507406187061
26.42727259096058
25.60192183148796
26.09384761673383
28.18666460474994
28.44216379111093
27.60347933074122
28.72888414445636
27.83081378339425
29.07169684517786
28.93554007749335
29.44945552749927
28.16165509075642
29.74265703988001
28.92047636651072
30.13469732409339
29.49441670216413
30.52604356945952
27.93886986425825
29.59531435025628
28.66387496561076
28.71194058357498
29.12864691175741
30.2767221219345
32.56219619068258
30.74241369357162
32.04542464997943
30.05042984735573
32.24894906226354
34.07330418366169
32.57982019170653
30.92456671130026
33.766733000068
34.17620084080821
34.92088979676027
34.93654101111644
35.17606962457745
35.1528111112665
36.50029245879677
37.86445927888749
38.30785544449316
36.53422419741821
38.80140888542177
38.23212555093831
38.18633849036601
39.17595151970907
37.90030702591602
37.49298434171727
38.61914831718298
40.13507822996839
39.46104030572657
40.29230315555522
40.64969310706288
39.03857529903146
39.6319757882019
41.01118367166328
40.059144139388
39.8242543504622
42.04767732794652
41.15694889302785
40.98843165880159
41.33339650834257
41.61069634760725
43.50280913056216
41.70991719148637
42.88333749284686
42.17816188666131
43.22980595821767
45.25348934970052
44.93406568796636
44.51763119656879
44.53646815379817
44.90519904269254
44.63893740559457
45.98308422660999
44.99379408537241
45.25228285526408
47.57038068066839
45.24844959070026
47.19039055623086
47.03933771100499
48.46825117324339
46.94666493672837
49.56008459899349
48.22447652664261
48.1654420505855
48.1921183166621
49.25293849096111
48.05670423234716
48.2824061527299
48.98231730797048
48.32920610404295
48.29796528064691
50.65629347692591
51.13647247620754
50.19349176882822
50.01697580292767
51.00820898085757
50.16288655121333
53.69508242345766
51.85887355743987
51.76926303872504
50.52579099805502
54.6471793094198
51.67014272710637
53.50042279628635
52.94322331258439
53.4386946315214
55.42556221410018
54.82269475288106
56.07882840932934
54.68080670031284
56.57942867037747
55.49129835401831
55.57940686273516
57.37624994472199
57.16474471513519
58.89251222070217
57.05093846246257
59.01129738668164
55.71713026909011
60.87269150755275
58.45224209808726
59.54326171860365
58.26048255600764
61.43141923802029
60.67355709505378
58.98116471315588
61.44010686331664
57.40622698769064
61.84768771907873
59.16646270641583
60.44088766934996
61.72426894397387
62.05798745287069
62.03277478516859
57.34870126952993
62.37108661092741
60.7854406240756
65.54020642871876
59.48714020936013
63.32379343887502
61.21076267099986
63.61470601376145
64.09691070143511
62.65731100832311
61.73810332641103
60.76352503467815
64.46881014258301
63.3332301195091
64.67085420663854
64.67229182345253
65.23734478787847
66.24867545412917
63.56119908597784
65.1940059546332
65.30866713287253
69.57000585914322
67.44561693014525
67.2531376265203
68.75935125800005
65.11487206385993
67.27016827395845
65.39432034899454
70.09255261380957
66.68744235434669
73.36968177452644
68.15311883234834
73.18907903540135
69.50879308417068
69.73344599835046
70.90806748272952
71.63578351347481
74.1568680606093
73.2700088137009
73.91758338291346
73.17020587796515
71.26205760840128
71.59685587408457
73.97877049713438
72.80492633517065
74.00415294558512
73.43137060219041
72.31760385119543
75.38467595372204
75.09825237481125
75.19052437168664
75.88746538510334
77.58822157111216
75.24725764800438
75.28706276507309
77.82386550400258
78.43791934687084
78.18446265806463
75.79442471241626
77.1095199345403
76.27624230062558
79.39092772580072
78.7787337266131
78.78088917720645
79.72850267352452
78.07727912046654
83.13994583813867
75.90243147341037
80.64118544503332
78.60705093002478
78.53251807754587
79.76995462338455
79.43162630526292
80.86418644094221
79.7018263147101
82.82471717985698
78.85135859409974
79.36168706500862
81.17801303293508
80.9839111321353
78.96141253038115
78.77436576375386
80.27598295336641
81.98685475362434
81.28798686807076
83.91766583398164
80.69877594828513
85.10023741824742
80.06913938706317
83.60253550172004
83.08942633372678
87.39920430166278
81.23103455462322
84.80922767535912
83.23994002743213
82.27099870560436
82.8312337875969
84.91460904500673
81.71417270902602
85.78187824849385
84.98480298977408
87.93014657349629
84.24891457205415
86.60353242054445
85.46614634943772
84.43565831624927
86.24809738404913
85.46791699556005
84.98576221136493
84.72811952994235
88.21868969592335
82.83311104504551
86.18678654368526
84.35587965638395
86.33444082917835
84.2512115937343
87.77934377135338
84.87937164438117
84.01721305159836
85.40939393055129
84.83711325651805
84.2340631258262
84.94217726771932
82.23125696065853
83.52432039154958
84.36561937183502
84.7908934894128
81.60489734937862
82.24554298422629
83.97800431783365
84.07313328963835
83.34807711635301
85.87436700977923
85.13430075484604
81.79778969360729
82.11909013453869
85.1867469224986
85.13164189458632
83.41362657851145
83.05261964634894
83.76919665715141
84.65205085354789
82.90441732382551
82.53537552749292
80.67261176650349
83.75716722136539
82.54781679753886
84.81529658840668
84.3166298064634
86.34153821693546
84.43692409646033
79.76274769946374
85.95210335761929
82.17152562640098
86.01289500847767
82.45960125362824
83.29188267904351
85.2520736181776
81.59751431862092
83.35667454718674
83.54983811362229
83.65806148533539
82.18838192975805
82.42468638340837
84.67096080364834
85.91086321893896
83.40955013067959
83.60812952002408
81.82841511832838
81.71043723317902
86.92635703935287
83.8120145436324
84.70146131589152
82.68976149879859
82.61502513685419
81.92864128093586
81.6814740126337
86.93478961489829
83.32700312376248
84.27250915180039
84.14579586330886
83.02115079176845
80.35937409611199
85.58587897090189
84.28634259561976
82.52683642559148
83.0826085295576
81.33924060949808
83.60606615272741
80.18551222344603
82.47986322566972
83.98955687672166
80.94414865614281
83.11643619710567
80.78584540977721
85.54701043713105
82.65715110376392
83.21343845794048
81.05156550569455
82.83515861038912
80.72543679174881
85.89884563852858
80.94507503107948
86.21810117351724
81.50913907361358
80.56364480432816
83.11394602676445
80.24953101068421
83.92506264414216
78.04933536856201
82.89904814222079
77.46181257706969
82.58375627852996
78.43952131547493
78.62088248865901
78.17950603836469
77.76632373006288
77.73010218295636
77.11680371345476
80.86322819349375
76.30346696705057
78.63856643717442
74.30649996529881
77.05692108550997
77.94425301674713
74.38460049946656
78.14157396539991
74.56950909467197
75.7924347592873
73.82542121501244
74.83939590181997
74.34635019552339
73.15960028622796
74.72014856488022
74.60658237084495
74.14783655098195
71.80151080221759
76.58525251182283
71.06666181672183
73.88500567103335
70.20658630118434
70.97566914472054
74.01773415093555
70.85741959472169
73.50639117461294
67.84400307970064
72.34931694019645
70.34807266331927
68.66780010688555
72.90106808947502
70.50159940744338
68.76497652071615
68.43316267675446
70.14311180244087
67.69396299268423
69.95751708283224
68.17193781244711
69.06592345772366
68.68977299768191
67.64071147279917
67.21774041259518
69.01237502433649
67.07827808479084
65.97586199990776
68.7129635846734
67.11031746274631
68.87555537540948
63.71978375234607
68.76164156311536
65.13689030606822
66.8313173427553
65.02989334383655
65.13867264942384
65.37120557620923
65.63213198708347
65.36619053751005
65.0698975874613
63.15924942149694
62.59945174431367
61.60733186750072
62.22790517859454
60.41823829992622
64.33432874534004
59.33524384945569
61.88879032186139
60.47898453908765
60.74298363776123
58.93012164852009
63.13951163292262
58.32203137531634
59.05349116562009
59.19606042732759
59.43436520963609
58.56502081936733
57.48327195226445
58.34454172094585
57.00064407631193
57.34034591201753
55.9400870552384
56.55179541354389
58.94052642524478
56.56790900870458
54.97459339801412
57.30971923308334
56.6125624039009
57.18355318760042
56.07208295993062
58.28823505799824
52.82983546865852
54.61249327305508
54.56377021551288
53.34345364021563
53.50549742561904
53.63120952409943
52.71460019123607
52.63065333394383
53.72597637048093
53.43648453554781
51.4179219777097
54.05411396214406
51.77466093739492
50.55905662158705
50.35696089031686
52.15615663601501
50.14801167931894
49.91554329759525
50.06618941225135
49.24240574538565
47.54416862560383
47.39103874195274
49.10330260126078
49.43118955771714
47.15392035424014
48.92842598484067
49.18795561083081
46.60272077031358
46.49282587627106
47.84865421691552
46.57795036292937
47.96982410096172
46.78588155423929
45.4463347629159
46.23656954964722
44.70472546229995
45.11876008288029
43.56402149414684
45.34662008706504
44.46811260792982
42.71668517146575
44.65729430363056
43.59212729320448
43.89096892917885
43.27555088334854
42.96340599725229
41.68506375199733
43.27382059016028
39.52759645761027
39.94327519785532
42.08500691697218
41.50029911292789
39.73903701463009
40.44060072710803
38.30134337398482
40.80836145312382
39.4034954221958
39.29860577232564
40.92270397142538
36.78647524010489
37.54944406725996
36.31500358371701
38.59954841454893
38.29630612767971
38.11281973925735
36.95887254798795
35.11833410687087
34.61998797559804
35.98068651132794
36.14555383754951
34.46839290064378
35.19748208540447
33.37072324332019
35.08408638483494
34.14875425230644
34.28946631193858
33.0182080404382
31.77705130489495
33.71299043962401
32.69499256604342
34.51336316836432
32.54213561175401
31.12167620650833
32.29395118454947
31.73068138525665
33.08715528892886
29.9454616348768
31.59840671737592
29.54423152114883
31.18230336147208
30.5376519991041
30.75330573114534
29.7560299113369
30.01338180456916
29.28386924109146
28.59267382467897
30.4916346125665
27.90834711503163
28.9334221748098
27.38004885918488
26.72687222016248
28.93484255809627
26.52731416677825
26.12012308816374
26.02777409700524
26.8510802863268
27.21554245242177
26.65161271541239
25.88368078537261
26.75326249975301
25.73959928017768
25.18388081231885
25.30852464541196
25.9810662716214
26.11044970061253
22.33168450536617
24.09177945164159
23.36775121944697
23.82998762805448
23.85998541831482
23.24386478677083
21.49892020584081
23.0466470158504
20.45245384566761
21.17477299554592
22.73421934335391
22.83502804533706
21.03391416276936
20.9416368438054
20.12741326446601
20.83127621845522
19.86507322243797
21.68899912769056
18.47128151911291
20.09173795028482
17.96197910558237
18.72085586161866
18.62072192433488
20.30160495495669
18.41383946489096
16.99061199279345
16.80382546997234
17.48001561876873
17.53810259973319
15.6109733050838
18.14198612686934
16.80011479999583
16.54935786142664
15.84690747121288
16.29531698242327
17.03536338579449
14.59976125000593
14.84504909935575
15.01586632808547
14.53023279198469
14.81218805074696
13.94340715028462
13.29964169967143
13.57304498015089
14.11924197180286
13.39360454976522
13.01262548282123
11.79290186879271
13.15246446688019
11.59757402083203
12.29974604057516
11.64430619491362
11.21187451507711
10.77196887085399
10.10499558396598
10.50448155299356
10.7346956856187
9.631274674536913
9.195074567516818
9.525845714650693
7.96708655398739
8.892488333791022
8.2621876933874
8.493350575114496
8.096918179631494
8.594766247347117
8.056452044265395
7.159494724423492
6.996066977896465
6.646506759147632
6.724795265982653
7.074669730811132
6.697943487771505
5.719661868745371
5.338027550727011
5.579715840396126
5.868494560034537
6.476403164302845
5.332942413017484
5.333861010493409
4.248192205528938
4.59325135489694
4.602078240636935
4.361976384376884
3.678719784509787
3.399156691060175
3.757201660260239
2.976689019688734
2.965836750667381
2.597963270339162
2.180926543569034
1.729482509184633
2.127718114763334
1.910926705202036
1.628080283258946
1.359678517379843
0.865127633115658
0.5606913859013384
0.6084777897719789
0.7743232915342886
0.4593392227769648
0.1235643245701168
0.09307679494284671
