50
1.665831502371389
-1.464072132233564
-1.235156412811557
-0.9596766861899182
-1.142875218364818
-0.5593547348675108
-0.3207880977172348
0.6163130321615902
-1.222537450130348
-0.7610962515515725
0.0274902591609818
-1.541334893340867
0.2827809947928324
0.680715107675975
1.708584986491401
-0.8106295200114275
0.7299353902833237
-1.959124362077156
0.8955478253287952
-1.619751890944201
-1.065787126806466
-1.365671343806047
0.9959976091030973
1.67120705529638
-0.6046746869593276
-0.627679947124645
-0.9619472580784687
0.796005239149558
-0.8729456061837011
0.6418097702049694
1.459899930031924
-1.207114105674957
1.177737639834051
-1.775256484642279
-0.1667907918648752
-1.965137580393412
-0.3346112176471443
1.51242111041789
0.6511754536308234
0.4428513322225078
-1.248675142996328
-1.32133428907084
0.9015164388816417
1.034105851796505
1.35938082046778
0.6101014235103976
-1.776523668214923
0.08931620888845826
0.6509770614332413
1.119024157113873
0.4695643179442568
