-0.9 3.369065046704327
-0.895 3.205996178041383
-0.89 3.063907860773221
-0.885 2.939305404609988
-0.88 2.829387114246442
-0.875 2.73189040931351
-0.87 2.64497415803363
-0.865 2.567128444484802
-0.86 2.49710515614494
-0.855 2.433864404434568
-0.85 2.376533011992037
-0.845 2.324372218064616
-0.84 2.276752443777243
-0.835 2.23313347907624
-0.83 2.193048845414638
-0.825 2.1560933845968
-0.82 2.121913348461782
-0.8149999999999999 2.09019843409784
-0.8100000000000001 2.060675338411917
-0.805 2.033102504153245
-0.8 2.007265804437175
-0.795 1.98297497009364
-0.79 1.960060608035995
-0.785 1.938371692523737
-0.78 1.917773437104862
-0.775 1.898145475006997
-0.77 1.879380291194479
-0.765 1.861381861278763
-0.76 1.84406446176807
-0.755 1.827351623382812
-0.75 1.811175204816401
-0.745 1.795474568745879
-0.74 1.78019584536994
-0.735 1.765291271485924
-0.73 1.750718595275972
-0.725 1.736440538682627
-0.72 1.72242431061376
-0.715 1.708641165301761
-0.71 1.695066001011951
-0.705 1.681676994995943
-0.7 1.668455271153314
-0.695 1.655384597327567
-0.6899999999999999 1.642451109541901
-0.6850000000000001 1.629643060794055
-0.68 1.616950592290978
-0.675 1.604365525223916
-0.67 1.591881171371048
-0.665 1.579492160974629
-0.66 1.56719428647794
-0.655 1.554984360828104
-0.65 1.542860089157506
-0.645 1.530819952751328
-0.64 1.518863104293933
-0.635 1.5069892734638
-0.63 1.495198682016868
-0.625 1.483491967562334
-0.62 1.471870115294145
-0.615 1.460334396995955
-0.61 1.448886316688127
-0.605 1.43752756233232
-0.6 1.426259963053238
-0.595 1.415085451377895
-0.59 1.404006030031071
-0.585 1.393023742861272
-0.58 1.3821406495048
-0.575 1.371358803426743
-0.57 1.360680233006654
-0.5649999999999999 1.350106925363816
-0.5600000000000001 1.339640812642243
-0.555 1.329283760499071
-0.55 1.319037558561805
-0.545 1.308903912640265
-0.54 1.298884438497873
-0.535 1.288980657004382
-0.53 1.279193990508308
-0.525 1.269525760282265
-0.52 1.259977184908166
-0.515 1.25054937948194
-0.51 1.241243355529145
-0.505 1.232060021533522
-0.5 1.223000183990427
-0.495 1.214064548906126
-0.49 1.205253723672118
-0.485 1.196568219251259
-0.48 1.188008452619318
-0.475 1.179574749411829
-0.47 1.17126734673184
-0.465 1.163086396079294
-0.46 1.155031966367472
-0.455 1.147104046996157
-0.45 1.139302550955032
-0.445 1.131627317934211
-0.44 1.124078117421976
-0.435 1.11665465177253
-0.43 1.109356559229086
-0.425 1.102183416889867
-0.42 1.095134743606536
-0.415 1.08821000280641
-0.41 1.081408605231342
-0.405 1.074729911587553
-0.4 1.068173235101964
-0.395 1.061737843981625
-0.39 1.055422963773807
-0.385 1.049227779625145
-0.38 1.043151438438965
-0.375 1.037193050930535
-0.37 1.031351693580522
-0.365 1.025626410487417
-0.36 1.020016215120077
-0.355 1.01452009197185
-0.35 1.00913699811807
-0.345 1.003865864678877
-0.34 0.9987055981895876
-0.335 0.9936550818809098
-0.33 0.9887131768714728
-0.325 0.9838787232752133
-0.32 0.9791505412262191
-0.315 0.9745274318236863
-0.31 0.9700081779996669
-0.305 0.9655915453122925
-0.3 0.9612762826671607
-0.295 0.957061122969555
-0.29 0.9529447837101387
-0.285 0.9489259674867447
-0.28 0.9450033624648373
-0.275 0.9411756427791713
-0.27 0.937441468879156
-0.265 0.9337994878203426
-0.26 0.9302483335044396
-0.255 0.9267866268701884
-0.25 0.9234129760373778
-0.245 0.9201259764062391
-0.24 0.9169242107143989
-0.235 0.9138062490535093
-0.23 0.9107706488476548
-0.225 0.9078159547955399
-0.22 0.9049406987784669
-0.215 0.9021433997360242
-0.21 0.8994225635113866
-0.205 0.8967766826680855
-0.2 0.8942042362800582
-0.195 0.8917036896967517
-0.19 0.8892734942850382
-0.185 0.8869120871496274
-0.18 0.8846178908336828
-0.175 0.8823893130012656
-0.17 0.8802247461032459
-0.165 0.8781225670282712
-0.16 0.8760811367403665
-0.155 0.8740987999047147
-0.15 0.8721738845031561
-0.145 0.8703047014409099
-0.14 0.8684895441460183
-0.135 0.8667266881629895
-0.13 0.8650143907421028
-0.125 0.8633508904258249
-0.12 0.8617344066337762
-0.115 0.8601631392476666
-0.11 0.8586352681976189
-0.105 0.8571489530512806
-0.1 0.8557023326071125
-0.095 0.8542935244932462
-0.09 0.852920624773275
-0.08500000000000001 0.8515817075603528
-0.08 0.8502748246409496
-0.075 0.848998005109622
-0.07000000000000001 0.8477492550161341
-0.065 0.8465265570262642
-0.06 0.8453278700976251
-0.055 0.8441511291718115
-0.05 0.8429942448841912
-0.045 0.8418551032926349
-0.04 0.8407315656264825
-0.035 0.8396214680570279
-0.03 0.8385226214907967
-0.025 0.8374328113868865
-0.02 0.8363497975996185
-0.015 0.8352713142477497
-0.01 0.8341950696114759
-0.005 0.8331187460584468
0 0.83204
0.005 0.8309564618788094
0.01 0.8298657361891255
0.015 0.8287654015307717
0.02 0.8276530106980421
0.025 0.8265260908046341
0.03 0.8253821434457204
0.035 0.8242186448982528
0.04 0.8230330463605701
0.045 0.8218227742323487
0.05 0.8205852304359254
0.055 0.8193177927799838
0.06 0.8180178153665741
0.065 0.8166826290424104
0.07000000000000001 0.8153095418953487
0.075 0.813895839796932
0.08 0.8124387869918371
0.08500000000000001 0.8109356267350395
0.09 0.8093835819774597
0.095 0.8077798561008288
0.1 0.8061216337024508
0.105 0.8044060814305214
0.11 0.8026303488705876
0.115 0.8007915694837081
0.12 0.7988868615968101
0.125 0.7969133294456916
0.13 0.7948680642710602
0.135 0.7927481454679463
0.14 0.7905506417887602
0.145 0.7882726126002181
0.15 0.7859111091942708
0.155 0.7834631761531345
0.16 0.7809258527684286
0.165 0.7782961745143663
0.17 0.775571174574874
0.175 0.7727478854244297
0.18 0.76982334046235
0.185 0.7667945757001573
0.19 0.763658631501599
0.195 0.760412554374798
0.2 0.7570533988159305
0.205 0.7535782292037531
0.21 0.7499841217442118
0.215 0.746268166464273
0.22 0.7424274692540622
0.225 0.738459153956264
0.23 0.7343603645017101
0.235 0.7301282670899498
0.24 0.7257600524135612
0.245 0.7212529379248442
0.25 0.7166041701434941
0.255 0.7118110270037642
0.26 0.7068708202395677
0.265 0.7017808978058975
0.27 0.6965386463349045
0.275 0.6911414936248934
0.28 0.685586911160494
0.285 0.6798724166621883
0.29 0.6739955766633819
0.295 0.6679540091131738
0.3 0.6617453860029842
0.305 0.655367436015204
0.31 0.6488179471920598
0.315 0.6420947696229187
0.32 0.6351958181483122
0.325 0.6281190750790507
0.33 0.6208625929288599
0.335 0.6134244971591152
0.34 0.6058029889343791
0.345 0.5979963478875975
0.35 0.5900029348940228
0.355 0.5818211948531307
0.36 0.5734496594780678
0.365 0.5648869500924323
0.37 0.5561317804345273
0.375 0.5471829594695773
0.38 0.538039394210803
0.385 0.5287000925506955
0.39 0.5191641661043226
0.395 0.5094308330670506
0.4 0.4994994210896644
0.405 0.4893693701745168
0.41 0.4790402355970886
0.415 0.4685116908581002
0.42 0.4577835306722061
0.425 0.446855674000236
0.43 0.435728167132979
0.435 0.4244011868356374
0.44 0.4128750435632861
0.445 0.4011501847590259
0.45 0.3892271982479532
0.455 0.3771068157416644
0.46 0.364789916469728
0.465 0.3522775309564423
0.47 0.3395708449632492
0.475 0.3266712036194035
0.48 0.3135801157659612
0.485 0.3002992585408175
0.49 0.2868304822354524
0.495 0.2731758154572883
0.5 0.2593374706350592
0.505 0.2453178499085155
0.51 0.2311195514480461
0.515 0.2167453762545389
0.52 0.2021983354950158
0.525 0.1874816584353494
0.53 0.1725988010377791
0.535 0.1575534552980354
0.54 0.1423495594047743
0.545 0.1269913088128034
0.55 0.1114831683313519
0.555 0.09582988533954018
0.5600000000000001 0.08003650425336309
0.5649999999999999 0.06410838238209259
0.57 0.04805120732718595
0.575 0.03187101609377646
0.58 0.01557421610380927
0.585 -0.0008323916788262179
0.59 -0.01734158727703504
0.595 -0.03394570362233505
0.6 -0.0506365955791591
0.605 -0.06740560574768792
0.61 -0.08424352668398014
0.615 -0.1011405591344976
0.62 -0.118086265835653
0.625 -0.1350695203771586
0.63 -0.1520784505702843
0.635 -0.1691003756980197
0.64 -0.1861217369530472
0.645 -0.2031280202907906
0.65 -0.220103670838052
0.655 -0.2370319979023358
0.66 -0.2538950695225
0.665 -0.2706735953874456
0.67 -0.2873467968260404
0.675 -0.3038922624384268
0.68 -0.3202857877966851
0.6850000000000001 -0.3365011974923698
0.6899999999999999 -0.3525101476512624
0.695 -0.3682819068740267
0.7 -0.383783113398814
0.705 -0.3989775061230871
0.71 -0.4138256269737282
0.715 -0.4282844919860998
0.72 -0.4423072283563876
0.725 -0.4558426746837345
0.73 -0.4688349416408337
0.735 -0.4812229304321833
0.74 -0.4929398066548724
0.745 -0.5039124276154068
0.75 -0.5140607218396622
0.755 -0.5232970205214189
0.76 -0.5315253420912176
0.765 -0.5386406330841069
0.77 -0.5445279712128976
0.775 -0.5490617402324067
0.78 -0.5521047910919815
0.785 -0.5535076103815971
0.79 -0.5531075256480433
0.795 -0.5507279883937619
0.8 -0.5461779902467689
0.805 -0.5392516869051038
0.8100000000000001 -0.5297283293032293
0.8149999999999999 -0.5173726336863743
0.82 -0.5019357640651722
0.825 -0.4831571546414281
0.83 -0.460767469848846
0.835 -0.4344930903013975
0.84 -0.4040626302164178
0.845 -0.3692161435747114
0.85 -0.3297178724611026
0.855 -0.2853736446677447
0.86 -0.2360543554122027
0.865 -0.1817273912724598
0.87 -0.1224984003727161
0.875 -0.05866651588828329
0.88 0.009202956758796985
0.885 0.0801832215930262
0.89 0.1528613993014531
0.895 0.2251761442359073
0.9 0.2942065975703678
