55
0.49947428121207
0.3092252878980828
0.5846086086633655
-0.8761607817728821
-0.8544422191821235
-0.6251417927561056
0.7148193203447477
0.904202900782322
-0.1850325750117342
-0.6149457374657252
-0.23530204465394
0.1662391550681737
-0.7639819075185721
0.4754047689379215
0.1658010562722576
-0.6469591742600125
-0.1133409520207629
0.1426810236380813
-0.1069593201889467
-0.8691867989810123
-0.7657177428555292
-0.3574929495144137
0.7169105576895691
0.500543116359293
-0.9498311746631894
0.02434060211495526
-0.7278199427425023
0.01910222741733403
0.9585408121154368
-0.6040639102477878
0.9871025169208192
0.4580150923961843
0.7051613785816178
0.5717111246528621
0.5818543106233023
0.8507191593994941
0.9465693328280791
0.2966736300367274
0.7549220592504935
-0.2384632431149777
0.6817278925710022
-0.4803799863347691
0.9277759119531959
0.9177459859837527
0.9950247826031524
0.0935769672941309
-0.7292131892075824
-0.1183161694176105
-0.7637420099991103
0.1638274906034709
0.01249703160137727
-0.5294597528546395
0.8063345410890572
-0.2705924116403761
0.971083364435976
0.8565033664258679
