55
3.093919639747552
-3.998626195699268
-3.927001419177746
-0.776198809438478
-1.247518072723188
-0.25667825602306
-1.982608829379365
-0.08552507411480192
-2.58100805353886
-0.7522409051108365
0.4675184105697643
-3.937232652384432
1.976600019515771
0.8003526503082151
3.76582661175906
-0.814891774442462
1.923759902926982
-4.887109288543979
2.305348783552343
-2.352502555280226
-1.21653815024837
-2.625328141150685
1.134597279925178
3.10483199207803
0.1911323005804475
-1.529223904301982
-1.035242899556292
1.853867607900811
-3.707985875372769
2.554038441909495
1.772017530241059
-3.644066238447123
1.585412249032135
-5.184983891758595
-1.390265047885601
-6.112105828105522
-2.411662144959747
3.077126124327595
0.2523691037867077
1.457329803093955
-4.125114785197711
-2.310112488465436
0.550097150709526
0.8814852327254996
1.520240166257248
1.285923759646679
-2.963406540124402
0.41400006476976
2.848814472695261
2.371942243427944
1.091497509489534
0.9053761773814336
-1.378832065262288
0.4627130239050432
-1.660552553185519
-1.464620756588234
