0.323998920569492 1.275530799240743
0.2082454323922331 1.233836978895705
0.2362664591068814 1.333311778797233
0.4384690758009878 -10.57647454759095
0.3619759485230147 0.3560997496605904
0.4398531618518758 -11.04053585584038
0.4612619749713994 -20.82584112633658
0.2416092050877357 1.351652718381853
0.2006753348892525 1.207515562933308
0.4117852613431725 -4.217567013826688
0.4379675967884066 -10.41238484987099
0.4353269039575229 -9.582449287441159
0.341755599078594 0.9885884974627668
0.4074226989537991 -3.533724290165017
0.3953369978711391 -1.999884710644183
0.3609042290978757 0.4006399892074092
0.4400833528395235 -11.1193360823255
0.322462363883856 1.292086717781143
0.3752901959705356 -0.3323743144936421
0.2410904452655265 1.34989611861277
0.4365838518705441 -9.970456223877076
0.453525728760896 -16.64280169297288
0.4077549681656801 -3.58312779655591
0.2839660086100354 1.44812380278079
0.380486790716517 -0.6807875573856248
0.2998456821422332 1.431171101004483
0.4116800569195749 -4.200149940637441
0.4732231989879504 -29.271086247574
0.4969241125462533 -57.18681380804418
0.4137394778425652 -4.549860667521181
0.2674403191704859 1.426259711275342
0.2152575503715923 1.258656289266124
0.2542017090771249 1.391907534795743
0.2137957267853821 1.253456441578257
0.3689356214722785 0.02950184402485567
0.4154657405003433 -4.857671585235102
0.3912237156941533 -1.580076910536553
0.4951072135279531 -54.30797226796184
0.2128284927233528 1.25002232834289
0.3878747729240219 -1.270907067889783
0.4446413591856009 -12.78030457399372
0.3228190471101975 1.288342111637877
0.3753899502921253 -0.3385946615555643
0.3297502252224922 1.203106696954954
0.2133218088777466 1.25177313615546
0.3154235250423963 1.354699036180292
0.2011645286114623 1.209198015949885
0.3545384597215153 0.6370935528038757
0.210052063015966 1.240198437090649
0.4418582227043305 -11.74292011200296
0.2495858369742531 1.377775442558548
0.4993797502105714 -61.33242362692899
0.2933142514492436 1.444018995997638
0.2662887025435853 1.423733816494739
0.2357579792833008 1.331541073735846
0.3761345491024166 -0.3855835888912906
0.4794528354596815 -34.89714351751573
0.4770076406755512 -32.57201898808452
0.2657452157885205 1.422506132056502
0.3512911980874262 0.7407428324487244
0.3108683165109781 1.384955259593746
0.2155931509972819 1.259851534997089
0.3012530867505412 1.427121312709754
0.4536398949016889 -16.69851642322365
0.2778015465814484 1.443574158090529
0.4063866410064263 -3.382391622793299
0.3780540373096064 -0.51135912240004
0.2205066952780056 1.277395664560071
0.4025837942602745 -2.860700268212757
0.229658778106876 1.310062168589042
0.3166504203534526 1.345245813003014
0.4785873902492232 -34.05596940728887
0.323305623480485 1.283138359776
0.2221617876586541 1.283315198503072
0.2433021433250116 1.357342582301858
0.4840592565788452 -39.73604657864337
0.2474721024046123 1.371037454959137
0.4190468589685756 -5.541606076891721
0.4748039835540558 -30.60798186400447
0.3980568201560929 -2.303819894449462
0.3510134399178512 0.7491189116171872
0.2215089931885091 1.280980325460727
0.4638581841719909 -22.43417979323347
0.3467140737984389 0.8695518023136424
0.3130217574657879 1.371570522805157
0.2186599261198353 1.270794083561424
0.431931938509641 -8.595056627449249
0.2435873031152338 1.358294194181169
0.4899371803615053 -46.90797940637719
0.2726590792452227 1.436297458090268
0.4067470108404421 -3.434567067532712
0.3056432490790852 1.411187389108914
0.2256346900953491 1.295729418919831
0.4640521452578149 -22.55889653491209
0.3032964776389737 1.420348316313763
0.461405274034873 -20.91172837293485
0.2447109377410931 1.362023531795205
0.373040632966119 -0.1966757017976521
0.2445620354582373 1.361531242501535
0.4082505228967552 -3.657606826742969
0.3108488024993151 1.385069337651512
0.2526002899671013 1.387103253020172
0.3469949038904809 0.8621951497011409
0.3797549628786954 -0.628606668859089
0.3449141287661537 0.9150964091440397
0.3726594033727965 -0.1745285999536352
0.4033473004767565 -2.961322386459418
0.2165490930032313 1.26325880978169
0.3169015337789954 1.343238843294658
0.4381805785039299 -10.48181576264354
0.3856928432735005 -1.084044648773842
0.4006048165727867 -2.609080356532429
0.4480206328311771 -14.14495440991533
0.3789229682661919 -0.5705603644960735
0.2254599717816334 1.295105492838179
0.4981555972955669 -59.2279787660976
0.4336923214074083 -9.09628367230694
0.400803441530082 -2.63374841959126
0.3496509342970331 0.7891338714226617
0.4448113603947786 -12.84612982251535
0.2299624016653381 1.311139727893095
0.3652891447787063 0.2089874523337263
0.3267173416189574 1.243434496184974
0.2045508154453192 1.220917527092167
0.3626183237377477 0.3287047917029109
0.329106282268632 1.212086052447853
0.2029231555314931 1.215268825775564
0.2739825676588817 1.43843843050212
0.4564920430511847 -18.14624654811826
0.2696847186553027 1.430871931161003
0.270171731693761 1.431815751965577
0.2729003016897287 1.436700720144095
0.3434455325177714 0.9502581346615886
0.2602921335875409 1.409038547861878
0.4212915383060003 -6.003565643544004
0.2043434694496025 1.22019640341131
0.2900028202293591 1.447200954147556
0.2347188360527281 1.327911239216216
0.3083667361206069 1.398569133653893
0.2581716455387809 1.40329716794266
0.4039044801365728 -3.036032541704133
0.4947082169279878 -53.69615921466783
0.240217587362527 1.346927583122431
0.258931031407046 1.405382631450147
0.3190261504768533 1.325243812326474
0.3627736568100646 0.3220006299580669
0.3605201234892665 0.4162548066538758
0.3962315593023632 -2.097440971012838
0.4804721787942912 -35.91444267591129
0.3565471626978465 0.5674474054940353
0.2055167279809023 1.224282580402278
0.4183469050524803 -5.402923186686947
0.2361200226068835 1.332802219473133
0.3238392993071846 1.277302611690407
0.3825525940426281 -0.8339239753192957
0.4198886857913023 -5.711739488001029
0.416309769196977 -5.013232523504868
0.2733335307389458 1.437410486740242
0.330066569858736 1.19861067389125
0.2321630192137567 1.318927335699194
0.4735688591753813 -29.55845608941437
0.338202349893315 1.062157719007364
0.247770399661383 1.371997371454513
0.3885661780327087 -1.332466627269301
0.4917208257248454 -49.33587174210863
0.466848440523607 -24.43129494038766
0.3951877511040801 -1.983833198880516
0.3699911529007242 -0.02612167378334257
0.2171278602636907 1.265323461270638
0.3624061890878044 0.3378101415897453
0.2539588087359822 1.391186077102216
0.4225438721539388 -6.273117304871317
0.411275944401295 -4.133686407361299
0.2668581738829747 1.424995875684459
0.3800707074074806 -0.6509898177155657
0.4061503767637373 -3.348449400666688
0.2602311574676804 1.408877087742115
0.399530787082197 -2.477903016477822
0.203246675962022 1.216389346092991
0.4436420531697611 -12.39918447878146
0.3610170332588034 0.3960195740554677
0.4136589532317091 -4.535834325660101
0.2698626510722774 1.431219190083131
0.3078818572490769 1.400978877483691
0.4864057158138747 -42.45499813362857
0.37831883552622 -0.5292479876934006
0.3207511551473671 1.309247121536432
0.3097594029405626 1.391238753224546
0.2084687244208031 1.234621773834337
0.4449937588024032 -12.91707917579187
0.2626990868246708 1.415228268799527
0.204636647540653 1.221216169245975
0.3794848343023246 -0.609612709637134
0.3251653441615892 1.262208806806635
0.3096801614343807 1.391672413094847
0.4267401403692564 -7.242190541690803
0.4865258378630009 -42.59915489147164
0.2843144038113175 1.448225782815655
0.4774686400454654 -32.99832634945816
0.4016370735294569 -2.738696580695897
0.3142177999512186 1.363433069544995
0.3046942780123298 1.415075885777717
0.255397490013374 1.395419691563025
0.4911083137159516 -48.48790160925372
0.287228071522609 1.448356979697924
0.4380108091064564 -10.42644102118888
0.4120556654630486 -4.262551754535599
0.2494071860371944 1.377211893134754
0.4333810537424103 -9.005999057415286
0.2878211352740186 1.448218927918829
0.2499184655895572 1.378821657723678
0.4371493989211486 -10.14917384951889
0.3035134452417848 1.419564739377348
0.2164934623123568 1.263060422817458
0.4062069190992442 -3.356553385116994
0.3062220769223735 1.408689320091095
0.2408218862648047 1.348984458932918
0.2702212110182416 1.431910463684316
0.3948141299782019 -1.943928585862308
0.4667378193397757 -24.3545045002716
0.4865805757317619 -42.6650097473448
0.2709103197596961 1.433206589688327
0.2970741542124702 1.437767625403349
0.3591509003931486 0.4704553926415312
0.2888422685916139 1.447844077989937
0.4228928752728539 -6.349794341763107
0.3845685879838439 -0.9920142642325338
0.2234356835060848 1.287871064342726
0.3445314359787424 0.9244288299194642
0.2819041590294984 1.447164688181646
0.3207677168862232 1.309087299783256
0.3397312510752584 1.031632242893578
0.4256057104219275 -6.969830129471562
0.4401079510364234 -11.1277844109068
0.2852697860324688 1.448412907292206
0.2594636706561905 1.406826076926768
0.4563215359391196 -18.05659995779878
0.3705967986327204 -0.05881380529884211
0.285887499873081 1.448460156289665
0.3840827299684099 -0.9531101985167774
0.2018052300218887 1.211405705190367
0.2404931033571237 1.347866299329399
0.3685722711223237 0.04825807542794608
0.4152470099939785 -4.817907063934806
0.3241209330851504 1.274168204375845
0.4456211503157318 -13.16370466791552
0.2940714185372184 1.442995336631743
0.4041726610864459 -3.072381889506332
0.2397893172534235 1.345465390616734
0.3823754390878711 -0.8204462845119629
0.4529105354599047 -16.34544149166024
0.3455132351106629 0.9002418426147596
0.3301408294542253 1.197547093139202
0.4798214185091567 -35.26163125877165
0.3806652118789967 -0.6936709865482173
0.4371315538983008 -10.14349479563888
0.4039931451334799 -3.048022039432168
0.2001363708299891 1.205665181285496
0.2517973155800269 1.384653392253329
0.4352076427940296 -9.5462825042079
0.499527779350799 -61.59214544632449
0.2246168518616823 1.2920934467153
0.2006526383119661 1.207437571679986
0.3400133486130309 1.025816247059999
0.2774916682424501 1.44321857006936
0.4910586421389967 -48.41979551364054
0.3127199893712092 1.373542894813223
0.3530907969790744 0.6846271289082683
0.2955162397493932 1.440718151534835
0.3265818756409369 1.24512201856085
0.4193378706287381 -5.600003546929745
0.270814321987436 1.433028617674461
0.3651958432978658 0.2133319107875651
0.2719528624701496 1.435084244209703
0.3878452357765323 -1.268302810778962
0.4394690529626731 -10.91008408679493
0.4021197720053513 -2.80052325303823
0.4712488140917733 -27.68100140612694
0.4722633840985889 -28.48731925536153
0.2132866067553815 1.251648153715481
0.2065607026208098 1.227929863688382
0.4743058109392018 -30.18035547448778
0.4645037285479174 -22.85179801721998
0.2753182539006055 1.440416336037547
0.2456042667561139 1.364964175383603
0.2912071916591025 1.446280303775608
0.4755118840158762 -31.22586588187679
0.3740678961613098 -0.257566765101833
0.2856039793948358 1.448445762687246
0.3879218279573232 -1.275060166817979
0.2141384368632382 1.254674494852094
0.3776133134260895 -0.4818779054537418
0.4824812211205711 -38.00698392290527
0.3435716683435894 0.9473067807233666
0.2110768390523851 1.24381815223317
0.2000320542935344 1.205307436950835
0.300699754353536 1.428771838804369
0.4251182013047157 -6.855200657643226
0.3872374178912493 -1.215172864749075
0.4608831294134503 -20.60035525151715
0.3012997250018872 1.426978692697384
0.2941483669673498 1.442884864845801
0.2259665587376811 1.296914259860332
0.3495118298708603 0.7931204003958049
0.4894503403005741 -46.26682227658134
0.480044769406776 -35.48434221509555
0.3763837545932955 -0.4015318985681445
0.2830128718411845 1.447754943019983
0.3728577807894068 -0.1860229902056472
0.4016199594596461 -2.736518860918794
0.3812460605051384 -0.7360570830641791
0.311994055190805 1.378157118590854
0.4837805655339726 -39.42502612405249
0.2038697595039883 1.218550566711239
0.4251898836048561 -6.871965710236609
0.2641962745453724 1.418887189444857
0.2661323953656151 1.423383033586877
0.3323023738853674 1.165195701032281
0.4588365263158677 -19.4208623074557
0.4607819268893186 -20.54050547348646
0.2604844919482631 1.409546438614135
0.2080814170795275 1.233260792938908
0.3602991582548616 0.4251554037404732
0.2055241908941224 1.224308615875269
0.4932660525024279 -51.5436172978837
0.464489754019389 -22.8426805110851
0.4631717669470081 -21.99799947526
0.2700878455381702 1.43165468072749
0.2398988341591709 1.345839646691325
0.4255513838195603 -6.956985020372007
0.2803088668951288 1.446023528608434
0.2855246324136073 1.448439512084803
0.4644532402645934 -22.81887375587482
0.2433008052334034 1.357338112145543
0.32262595007381 1.290376628123601
0.2780285966894618 1.443827512623191
0.3197782784982529 1.318425831619723
0.3798245686817686 -0.6335241514811745
0.2475849571062006 1.371400955995852
0.4631877780160149 -22.00808229964813
0.3649564335496641 0.224424915786561
0.4585400655677919 -19.25527290233012
0.4255925515281433 -6.966717165738137
0.452884642740343 -16.33303114263374
0.4038914222359741 -3.034269167530421
0.3944663471012799 -1.907138655049268
0.4153699309790944 -4.840226108400729
0.3717815377056007 -0.1244398607991706
0.2445236368993703 1.36140419532066
0.3056725527795666 1.411063243258568
0.4862877083978246 -42.3138612254687
0.3853009920113396 -1.051646609029107
0.3186742033345716 1.328352483075842
0.4100553180137811 -3.937104031183106
0.2649792730536061 1.420738406306605
0.389016104137933 -1.37314910699542
0.28735197294237 1.448332897380851
0.3723143584992893 -0.1546907864572953
0.3319538525953055 1.170597096755288
0.3593463071729157 0.4628580967495103
0.3001596031544578 1.430309929850733
0.4325466071394037 -8.767498141085206
0.4001698017865138 -2.555502212576307
0.445808567527465 -13.23816109854851
0.3953765082368018 -2.00414473276866
0.4611487733049573 -20.75822513889539
0.4559230519013662 -17.84866083798946
0.419066985952694 -5.545630915822297
0.4356140242182048 -9.669977201965937
0.4236240379313798 -6.512678243347378
0.2422023708833685 1.353653934448964
0.3170801781273666 1.341795913321999
0.316489999208028 1.346514984577563
0.202043258060452 1.212227073642075
0.3425931444043174 0.9698710163610222
0.2463832462865608 1.367509811916011
0.3179014872404592 1.334998114496626
0.3782825179799885 -0.5267866475917731
0.4012487909806579 -2.689528630193664
0.2846365945543789 1.448304155843997
0.4891234106613916 -45.84130222765688
0.279245799909429 1.445079931090458
0.4232144588463259 -6.421058163300763
0.2781229947757198 1.443931044707858
0.3878634767944781 -1.269910854568793
0.229392936866741 1.309118157833114
0.4336521863558556 -9.084601700368276
0.211866463930576 1.246612394671447
0.2394495360180577 1.344302761725235
0.3734630339237095 -0.2214978762894035
0.4419990639717201 -11.79364004072075
0.4225099781880701 -6.26570724636051
0.4117984409102885 -4.219752294754366
0.4677710846603227 -25.08081856530855
0.2693022258678722 1.430116079329358
0.2051156688416997 1.222884234575603
0.4511484814642621 -15.51984936395517
0.4761742907729407 -31.81512542034117
0.4435962302045027 -12.3819440502158
0.4805113046476897 -35.9540736928105
0.2121851359001407 1.24774127400361
0.2271116264089365 1.300999195784066
0.2756138418979004 1.440828327466601
0.2503086050273857 1.380043618443912
0.4020309723931912 -2.789090457898292
0.2631615669210347 1.416374796636706
0.2834138588456177 1.447926000566329
0.2132916260932403 1.251665974045597
0.2848703827411836 1.448351340476192
0.3275419610332259 1.232956380009565
0.4495166656880815 -14.78854495248344
0.3854799079196931 -1.06639628221165
0.3779054055245306 -0.5013760237770801
0.3511385836481853 0.7453543579390103
0.4727015544760473 -28.84255522384871
0.2067431685165074 1.228568396118088
0.2176731332822061 1.267269690630958
0.245912456222355 1.365973431887418
0.388273881835532 -1.306301198395322
0.3506507349532021 0.7599442052916149
0.3733956110590403 -0.2175157146148562
0.2734433921593577 1.437587488897742
0.4467899893316879 -13.63403832306467
0.3299669913276196 1.200031997916474
0.4561349704816332 -17.95897256751597
0.4934942838769852 -51.87823711009852
0.4522301628643808 -16.02212705939765
0.3577184639637676 0.5247781196960883
0.4563406000985574 -18.06660315015059
0.3805635600867496 -0.6863231007441444
0.4586763727025308 -19.33124581072747
0.3008308739174639 1.428387623624541
0.2514769146860082 1.383668565735245
0.2821131777769177 1.44728895020259
0.4525826439688874 -16.18890537803095
0.4519422967430353 -15.88706191803896
0.4629158186404808 -21.83740520138166
0.3375902300975072 1.073917458040915
0.3616151333008284 0.3712563748367735
0.4495394949300697 -14.79856214536793
0.280454326268214 1.446141437499399
0.4932087162011816 -51.45990486734758
0.4412323255856667 -11.51974349026944
0.2674528969231479 1.426286719425444
0.2040345400612994 1.219122807981149
0.2560813942548426 1.397397851332894
0.4930772730138617 -51.26852374670248
0.2672658778129751 1.425883827028147
0.4893814016558924 -46.17675932830666
0.4395320449813014 -10.93138896490503
0.3906240020449774 -1.522641091679142
0.4205307509904939 -5.843998970967443
0.3961215904413199 -2.085323011444371
0.3482733564680081 0.8278247694546194
0.392741586166515 -1.729645620760159
0.3108001411837275 1.385353257193814
0.4648303314871532 -23.0658663018818
0.3134139734019868 1.368958717674587
0.4245888979006519 -6.73235749793524
0.2022690806016565 1.213006911228719
0.2048903610485304 1.222099371538898
0.345691669809764 0.8957593614806286
0.388262278682905 -1.305266787410474
0.3800528218311398 -0.6497166505546239
0.3466018452939957 0.8724725536963214
0.4883075769972567 -44.79679481147228
0.4238085248509432 -6.554262513707098
0.2555690860727177 1.395918159309152
0.2177688671665945 1.267611489139647
0.4897346820309109 -46.64019612587337
0.3264491925802934 1.246765719859346
0.4599769678241511 -20.07017563283809
0.4184524206968797 -5.423669635059603
0.4756977560897501 -31.39012128395994
0.2313618796567117 1.316097135354816
0.4138416076941484 -4.567692363684802
0.3811872900729143 -0.7317373663124696
0.3182305852111484 1.332197706198804
0.2357583325393739 1.331542305183502
0.2246242991264143 1.29212006006629
0.4602582037839991 -20.23335264647456
0.25565445654177 1.396165622078721
0.496438304480397 -56.40186425193965
0.3070529297387466 1.404932459047202
0.4438732515985921 -12.48648365097829
0.3445431588407264 0.924144747822343
0.2538682915723385 1.390916548311288
0.3929008282844303 -1.745692481750026
0.2003051191570191 1.206244162463733
0.338380966141285 1.058677063755165
0.4616891484289394 -21.08284511859852
0.408693119491805 -3.724942111261059
0.3240206159314471 1.275289035672631
0.4683677310421932 -25.50958858060469
0.3141748748294046 1.363734081901132
0.3984873730896765 -2.353971950794961
0.3674275571468071 0.1060653019122066
0.4865314434289048 -42.60589417368396
0.4668269873413309 -24.41638469622999
0.3340347679505773 1.137253928036886
0.402989636551651 -2.913935474914811
0.3547225349019424 0.6308922407284866
0.3885333462121789 -1.329517297158715
0.2473311569748917 1.370582904818055
0.2844360262818696 1.448257176254286
0.4162401773792506 -5.000277836388118
0.4060723054970802 -3.337279368406609
0.3128397037983265 1.372764278486013
0.2645433707414511 1.419713232946971
0.3161755095328065 1.348973947181195
0.4529256141663992 -16.35267258967052
0.3422770613995522 0.9769987042355914
0.2060228623437218 1.22604953311819
0.2809710082647274 1.446538018200225
0.4823692843098741 -37.8872460577412
0.3304776459490096 1.192683788912231
0.2401912769407633 1.346837859886444
0.2390010221179018 1.342764724663023
0.4511790417229814 -15.53384530750767
0.3169916634391824 1.34251243580628
0.3001924570191618 1.430218419202163
0.2274185106711235 1.302093014399952
0.3194172098123247 1.321728782151009
0.2167079651437134 1.263825435620031
0.4758675351998519 -31.5408970564848
0.488777771131945 -45.39577858544409
0.3604923012288368 0.4173787935439371
0.4581953934027575 -19.06438737073291
0.3778092223271243 -0.4949378390474466
0.4574974012618619 -18.68313544063007
0.3171887515331064 1.340912768081156
0.2782313153495261 1.444048535598008
0.2987325341950381 1.434034667565604
0.4106037905946276 -4.024667198843261
0.4973742977593905 -57.92435500681275
0.4656715833700787 -23.62601477759291
0.3286536772201506 1.218260497078338
0.2434919452184564 1.357976200530369
0.3327613192795404 1.15797183822271
0.2137563911506477 1.25331667710271
0.2241394658936954 1.290387220074278
0.333918329350389 1.139190007028333
0.357392569897754 0.536805931152791
0.4914475226369064 -48.95563932965139
0.3332046398826429 1.150872659849972
0.2527804983875257 1.387649398295204
0.3379866246901791 1.066331791674251
0.4616279939199649 -21.04587190026042
0.454186770786501 -16.96773423024748
0.3110159564476437 1.384088045450653
0.4186350698504349 -5.459715444193475
0.2801087226624751 1.445856840110329
0.3597492565249693 0.4470476748133094
0.2277409327561588 1.303241717041737
0.2135591849174887 1.252616109805388
0.2826174079543842 1.447563994129913
0.3668306893528777 0.1354471695899753
0.2176379881642986 1.267144219156092
0.4820376494829833 -37.53471597104713
0.3593571394200225 0.4624356156868905
0.4670112299087364 -24.54471845701523
0.4722917448412974 -28.51018278916505
0.3374329600017383 1.076897071557369
0.3102486231357943 1.388516356287761
0.4641125563700079 -22.59787387154544
0.3076973728043343 1.401876784680132
0.4830463498621086 -38.61732484339383
0.3121293290279009 1.377311144538893
0.3653982573547087 0.2038915249075292
0.4972592980951628 -57.73501351536216
0.4467284108136034 -13.60890097573021
0.2776245810277327 1.44337246875566
0.3283517226868894 1.222317724110305
0.2873515021737798 1.448332993615618
0.2306030062146199 1.313410943678649
0.3712070029561679 -0.09233515256757191
0.3886636324219312 -1.341236541230888
0.2077887028127204 1.232233066398871
0.3961966751429378 -2.093593098779925
0.4626439326338014 -21.66801435694194
0.2647311187055484 1.420156466326573
0.3213908414197502 1.302986028088138
0.3500484398441225 0.7776418880987872
0.4318103643789786 -8.561271168724444
0.2298044141090208 1.310579114255638
0.2746612237050696 1.439466906614661
0.3819361292541823 -0.787307025527662
0.341307593941666 0.998379231587589
0.3754563357055386 -0.3427439738262292
0.3494387351481261 0.795207949496479
0.2120239603295238 1.247170233946901
0.3866247915514834 -1.162502790343057
0.3319226771064486 1.171076732590217
0.3103781911665833 1.387782259029805
0.4334152315824373 -9.015877222479366
0.4335136124644526 -9.044360010946585
0.3635168309038694 0.2894899343818027
0.4344540564139123 -9.320300587109404
0.4668764669103984 -24.450786704011
0.3496560070724152 0.7889881511713386
0.2677083887326169 1.426832575690874
0.2190956885487959 1.272351220235351
0.4679021465249659 -25.17440934240599
0.4972106789807169 -57.6551583965617
0.296429785190355 1.439051815416976
0.3493190750418246 0.7986146488452293
0.3003030684913388 1.429908387780104
0.278549697857797 1.444385712487761
0.2013684806336451 1.209900272371859
0.3096487207264094 1.391843915849012
0.2225362264738034 1.284654432015851
0.4860931902316463 -42.08225563275442
0.2533947599995838 1.389500625530155
0.4911712059889702 -48.57427617231795
0.2012649803668319 1.209543836048666
0.4824865466471248 -38.01269004921392
0.2609792359296743 1.410842436944854
0.4988506959138287 -60.41350055158289
0.2646542227110727 1.419975237070785
0.3064415428343244 1.407716718487078
0.2847303842178025 1.448324067898015
0.2052507600231334 1.223355069960821
0.2968553875849819 1.438213848446305
0.4675344997427278 -24.91271484485024
0.3604642569319367 0.4185107894939373
0.2199879748409442 1.275540851754
0.4443919155099966 -12.68424312405629
0.2378719064566467 1.33887665503112
0.3136941412622095 1.367059343096982
0.2480145338255585 1.372780847637322
0.3176470511419893 1.337133027618467
0.4944891136132282 -53.36323186295535
0.3892004236494028 -1.389958722733805
0.4320577697947954 -8.63013646548019
0.2138862033784862 1.253777949022669
0.3501544349033842 0.7745523753709903
0.4228304831148605 -6.336036100373784
0.4984321183449929 -59.69666235701515
0.3461037249381521 0.8853048375044499
0.405735566588312 -3.289360104735372
0.4737105374256295 -29.67703584161291
0.4998016539027904 -62.07570483000355
0.4651248362638082 -23.26051829681373
0.4733125935727849 -29.34514360867175
0.4009087467725029 -2.646879067847767
0.4892824037742483 -46.04773987440718
0.3668435223583423 0.1348208417062592
0.3065081635947109 1.407418685560505
0.2671245768151361 1.425577573378968
0.2603934447261759 1.409306320251219
0.3653211607197571 0.207493904979885
0.4254142796566384 -6.924647323728424
0.2064094482574273 1.227400790618948
0.308642671341036 1.397165299659625
0.2561755561277007 1.397668414142804
0.343127450330294 0.9576442813420527
0.3635797492875986 0.2867041939146473
0.4198228927714978 -5.698309635443974
0.4646823317307077 -22.96862810677783
0.4602820714108435 -20.24725738435856
0.2280469930617884 1.304331626929846
0.297425385749831 1.437028980792797
0.4097957008778152 -3.896088441255932
0.4919499577731402 -49.65699185280039
0.2755436234183879 1.44073131683108
0.4492941325402592 -14.69121254054805
0.3221233456117234 1.295591574605676
0.2827900824413633 1.447650067903426
0.205697932839664 1.224914894231119
0.23452855290441 1.327245019392643
0.3116398939284928 1.380342203614746
0.3053308951863836 1.412495434016482
0.4670681502726956 -24.58449590327655
0.2798202749826847 1.445607603426176
0.4049199719856551 -3.175026967613292
0.4885372487052123 -45.08836084170837
0.48921147127721 -45.95552350308008
0.4580617381015634 -18.99083553311559
0.4795616669526517 -35.00437395863052
0.2382657700096498 1.34023545257046
0.2294048520191095 1.309160479438345
0.2746951613252436 1.439517072182251
0.4734111257424058 -29.42698242135672
0.4457445643871106 -13.21269336660174
0.3066062473762535 1.406977525639889
0.2257724564084893 1.296221318715425
0.4724323949378438 -28.62383408157288
0.4523123117969715 -16.06085842087558
0.2430524462907705 1.35650765506532
0.3389136383341826 1.048163582830186
0.2304763457132808 1.312962133901047
0.4759813935533768 -31.64240988479068
0.3390351058929146 1.045737967366843
0.3684848853367176 0.0527394203180242
0.3402235521821138 1.021444617482285
0.4294398755733078 -7.923163324787648
0.3292651722978958 1.209891800424948
0.2403411023998914 1.347348604640449
0.4607679548171019 -20.53225527995586
0.4200010868468935 -5.734735721332352
0.2324555010694052 1.319959049015893
0.2814784027944474 1.44689323599862
0.3420273523883529 0.9825747910374307
0.2789860913068264 1.444827883038558
0.2644782667559679 1.419558946654409
0.2725932098262682 1.436186347927196
0.2006891216057466 1.207562940565485
0.3005879372210364 1.429096129846482
0.4930570738817515 -51.23917901410862
0.3482228706248069 0.829209763742164
0.3546753698471036 0.63248461068137
0.4788540882884342 -34.31301856912651
0.2340039786117098 1.325406041986559
0.3373934309208545 1.077643315690563
0.3016461782857213 1.425902023172215
0.3784016894553633 -0.5348725943030348
0.2692544726312418 1.430020822440385
0.2512794974804656 1.383059733844162
0.4761337801541726 -31.77877640844184
0.2871862521695406 1.448364544508753
0.4644055848183561 -22.78783786836039
0.4274898338028349 -7.426582807859136
0.2839496273803158 1.448118570374034
0.446285330322748 -13.42921125032284
0.2260269322255083 1.297129765116837
0.4549906314743151 -17.3705702398109
0.284137415912979 1.448176201317511
0.2992503636788289 1.432739108761417
0.423611693612283 -6.509902796950514
0.2499772037630211 1.379005989796361
0.4114768021307545 -4.166634171254313
0.4839041899869659 -39.56268760466828
