0.323998920569492 -0.003059336731517041
0.2082454323922331 -0.003660530608113927
0.2362664591068814 -0.003487213619668744
0.4384690758009878 -0.003384797734218494
0.3619759485230147 -0.003001860414737683
0.4398531618518758 -0.003399687058033347
0.4612619749713994 -0.00366526879753247
0.2416092050877357 -0.003455056406103273
0.2006753348892525 -0.003708057328350639
0.4117852613431725 -0.003156436974758946
0.4379675967884066 -0.003379476157820731
0.4353269039575229 -0.003352099228158511
0.341755599078594 -0.003017892405393074
0.4074226989537991 -0.003129577038146972
0.3953369978711391 -0.00306963103580359
0.3609042290978757 -0.00300175368229842
0.4400833528395235 -0.003402191964909117
0.322462363883856 -0.003063946529159763
0.3752901959705356 -0.003013236217532441
0.2410904452655265 -0.003458161066928035
0.4365838518705441 -0.00336499479658922
0.453525728760896 -0.003562107585497029
0.4077549681656801 -0.00313152296132229
0.2839660086100354 -0.003220851538627713
0.380486790716517 -0.003023064081595741
0.2998456821422332 -0.003147531194228142
0.4116800569195749 -0.003155755623401455
0.4732231989879504 -0.003837014987914987
0.4969241125462533 -0.004188976014393973
0.4137394778425652 -0.003169398536156945
0.2674403191704859 -0.003306796008383556
0.2152575503715923 -0.003616656472856412
0.2542017090771249 -0.003381066098040077
0.2137957267853821 -0.003625785553247214
0.3689356214722785 -0.003005422533356355
0.4154657405003433 -0.003181332652343521
0.3912237156941533 -0.003053864129992232
0.4951072135279531 -0.004163054688256989
0.2128284927233528 -0.003631831541118402
0.3878747729240219 -0.003042683127404764
0.4446413591856009 -0.00345345241610154
0.3228190471101975 -0.003062863058546275
0.3753899502921253 -0.003013395154024232
0.3297502252224922 -0.003043456599371218
0.2133218088777466 -0.003628747385485082
0.3154235250423963 -0.003086923808681559
0.2011645286114623 -0.003704983474978915
0.3545384597215153 -0.003003429651670406
0.210052063015966 -0.003649208393106072
0.4418582227043305 -0.00342177829888163
0.2495858369742531 -0.003407859130608166
0.4993797502105714 -0.00422333631053053
0.2933142514492436 -0.003176429369811402
0.2662887025435853 -0.003313086484065851
0.2357579792833008 -0.003490294041737218
0.3761345491024166 -0.003014617757839242
0.4794528354596815 -0.003930163004858564
0.4770076406755512 -0.003893434043448646
0.2657452157885205 -0.003316067320875237
0.3512911980874262 -0.003005749925239254
0.3108683165109781 -0.003103329410798742
0.2155931509972819 -0.003614562181370193
0.3012530867505412 -0.003141555553873759
0.4536398949016889 -0.003563575149966664
0.2778015465814484 -0.003251898597398348
0.4063866410064263 -0.003123614057340231
0.3780540373096064 -0.003018066918069613
0.2205066952780056 -0.003583974656344508
0.4025837942602745 -0.003103071841990507
0.229658778106876 -0.003527482433961652
0.3166504203534526 -0.003082706052890081
0.4785873902492232 -0.003917146315167636
0.323305623480485 -0.00306139803805248
0.2221617876586541 -0.003573707342538212
0.2433021433250116 -0.003444952798421204
0.4840592565788452 -0.003999553894670453
0.2474721024046123 -0.003420261432535304
0.4190468589685756 -0.003207553442239315
0.4748039835540558 -0.003860501837695812
0.3980568201560929 -0.003081320879781866
0.3510134399178512 -0.003005992702268962
0.2215089931885091 -0.003577754552750127
0.4638581841719909 -0.003701441516063017
0.3467140737984389 -0.003010615427279164
0.3130217574657879 -0.003095429705474499
0.2186599261198353 -0.003595453496272109
0.431931938509641 -0.003318507594716746
0.2435873031152338 -0.003443255291992455
0.4899371803615053 -0.004087490240963031
0.2726590792452227 -0.003278747849002763
0.4067470108404421 -0.00312567020663452
0.3056432490790852 -0.003123523928238118
0.2256346900953491 -0.003552232359122197
0.4640521452578149 -0.00370417205286482
0.3032964776389737 -0.003133046229014443
0.461405274034873 -0.003667246543433983
0.2447109377410931 -0.003436579049242045
0.373040632966119 -0.003009953766994852
0.2445620354582373 -0.003437462610116616
0.4082505228967552 -0.003134455550534653
0.3108488024993151 -0.00310340215291013
0.2526002899671013 -0.003390314612146427
0.3469949038904809 -0.003010264681992128
0.3797549628786954 -0.003021486433802804
0.3449141287661537 -0.003013021677049056
0.3726594033727965 -0.00300945425599487
0.4033473004767565 -0.003107027936420236
0.2165490930032313 -0.003608600017359476
0.3169015337789954 -0.003081853588593334
0.4381805785039299 -0.003381731507522578
0.3856928432735005 -0.003036177523833211
0.4006048165727867 -0.003093206459888252
0.4480206328311771 -0.003493456233289094
0.3789229682661919 -0.003019770808518628
0.2254599717816334 -0.003553310342169358
0.4981555972955669 -0.004206311257022148
0.4336923214074083 -0.00333569955126722
0.400803441530082 -0.00309417143983533
0.3496509342970331 -0.003007282918559054
0.4448113603947786 -0.003455424756510693
0.2299624016653381 -0.003525621443445862
0.3652891447787063 -0.003002926627423308
0.3267173416189574 -0.00305155555460677
0.2045508154453192 -0.003683713116260838
0.3626183237377477 -0.003001979668698143
0.329106282268632 -0.003045123696619171
0.2029231555314931 -0.003693935042224112
0.2739825676588817 -0.003271759991066903
0.4564920430511847 -0.003600789763138619
0.2696847186553027 -0.003294639515775814
0.270171731693761 -0.003292020113727685
0.2729003016897287 -0.00327747032131689
0.3434455325177714 -0.003015184954812595
0.2602921335875409 -0.003346387153469115
0.4212915383060003 -0.003225004678196216
0.2043434694496025 -0.003685015032561872
0.2900028202293591 -0.003191773708946403
0.2347188360527281 -0.003496599330338974
0.3083667361206069 -0.003112820293432816
0.2581716455387809 -0.00335836872037804
0.4039044801365728 -0.003109968021869844
0.4947082169279878 -0.00415731178039612
0.240217587362527 -0.003463393831268608
0.258931031407046 -0.003354066154341199
0.3190261504768533 -0.003074790334882452
0.3627736568100646 -0.003002014767375491
0.3605201234892665 -0.003001743296291697
0.3962315593023632 -0.003073363409465495
0.4804721787942912 -0.003945510748345652
0.3565471626978465 -0.003002482065790097
0.2055167279809023 -0.003677649282733718
0.4183469050524803 -0.003202272247435562
0.2361200226068835 -0.003488100410460533
0.3238392993071846 -0.003059808583904003
0.3825525940426281 -0.003027867583566162
0.4198886857913023 -0.003214006066202682
0.416309769196977 -0.003187334125628859
0.2733335307389458 -0.003275180266447184
0.330066569858736 -0.003042648127130897
0.2321630192137567 -0.003512162454210016
0.4735688591753813 -0.003842139491682642
0.338202349893315 -0.003024326664364429
0.247770399661383 -0.003418506370475868
0.3885661780327087 -0.003044871927168145
0.4917208257248454 -0.00411381458678501
0.466848440523607 -0.003743940992201802
0.3951877511040801 -0.003069018989575564
0.3699911529007242 -0.003006410781290002
0.2171278602636907 -0.003604992756375683
0.3624061890878044 -0.003001935680550807
0.2539588087359822 -0.003382465574488374
0.4225438721539388 -0.003235083445764163
0.411275944401295 -0.003153153955356543
0.2668581738829747 -0.0033099714574142
0.3800707074074806 -0.003022159205041054
0.4061503767637373 -0.003122276374276224
0.2602311574676804 -0.003346730251611638
0.399530787082197 -0.003088085182962551
0.203246675962022 -0.003691902962078168
0.4436420531697611 -0.003441945655032541
0.3610170332588034 -0.003001759516401977
0.4136589532317091 -0.003168852972450773
0.2698626510722774 -0.003293681731410591
0.3078818572490769 -0.003114698034289472
0.4864057158138747 -0.004034814998747119
0.37831883552622 -0.003018576690017291
0.3207511551473671 -0.00306925556774943
0.3097594029405626 -0.003107495554395561
0.2084687244208031 -0.00365913066745919
0.4449937588024032 -0.003457545701438479
0.2626990868246708 -0.00333291409725019
0.204636647540653 -0.003683174203405801
0.3794848343023246 -0.003020920345406567
0.3251653441615892 -0.003055938710249972
0.3096801614343807 -0.003107795777849852
0.4267401403692564 -0.003270652747893616
0.4865258378630009 -0.004036615871872424
0.2843144038113175 -0.003219136438192786
0.4774686400454654 -0.003900346196454658
0.4016370735294569 -0.003098282630231883
0.3142177999512186 -0.00309115311504051
0.3046942780123298 -0.003127341715242436
0.255397490013374 -0.00337419425992095
0.4911083137159516 -0.004104800729601741
0.287228071522609 -0.003204967481528508
0.4380108091064564 -0.003379933181663678
0.4120556654630486 -0.003158195915454012
0.2494071860371944 -0.003408904251410599
0.4333810537424103 -0.00333262419176854
0.2878211352740186 -0.003202122471749358
0.2499184655895572 -0.003405914790055087
0.4371493989211486 -0.003370877435776796
0.3035134452417848 -0.003132154504305348
0.2164934623123568 -0.003608946845068523
0.4062069190992442 -0.003122595760027747
0.3062220769223735 -0.003121217414401734
0.2408218862648047 -0.003459769891165506
0.2702212110182416 -0.003291754363354993
0.3948141299782019 -0.003067500120982446
0.4667378193397757 -0.003742354000964859
0.4865805757317619 -0.004037436334232377
0.2709103197596961 -0.00328806043707921
0.2970741542124702 -0.003159564166062401
0.3591509003931486 -0.003001824719488923
0.2888422685916139 -0.003197255635657973
0.4228928752728539 -0.003237936061039668
0.3845685879838439 -0.003033061002377099
0.2234356835060848 -0.003565818757991992
0.3445314359787424 -0.003013568225140777
0.2819041590294984 -0.003231090402006844
0.3207677168862232 -0.003069203312072504
0.3397312510752584 -0.003021436720883718
0.4256057104219275 -0.003260763106658832
0.4401079510364234 -0.003402460120537885
0.2852697860324688 -0.003214455866161514
0.2594636706561905 -0.003351056075513369
0.4563215359391196 -0.003598535747844389
0.3705967986327204 -0.003007032660344141
0.285887499873081 -0.003211447434577546
0.3840827299684099 -0.003031763202817964
0.2018052300218887 -0.003700957933139236
0.2404931033571237 -0.00346174092466113
0.3685722711223237 -0.003005110256813561
0.4152470099939785 -0.003179795241539507
0.3241209330851504 -0.003058977159546076
0.4456211503157318 -0.003464878684163002
0.2940714185372184 -0.003172984416761161
0.4041726610864459 -0.003111399155838878
0.2397893172534235 -0.00346596531789396
0.3823754390878711 -0.003027435225237342
0.4529105354599047 -0.003554229385456982
0.3455132351106629 -0.003012190549997964
0.3301408294542253 -0.003042459351965591
0.4798214185091567 -0.003935710872095446
0.3806652118789967 -0.003023458498255664
0.4371315538983008 -0.003370691056299936
0.4039931451334799 -0.003110440024864818
0.2001363708299891 -0.003711444107845158
0.2517973155800269 -0.003394971064760289
0.4352076427940296 -0.003350888514119416
0.499527779350799 -0.004225380255236871
0.2246168518616823 -0.003558515954816971
0.2006526383119661 -0.003708199946859573
0.3400133486130309 -0.003020923396412476
0.2774916682424501 -0.00325349295896917
0.4910586421389967 -0.004104068504263718
0.3127199893712092 -0.003096521340514314
0.3530907969790744 -0.003004345240141085
0.2955162397493932 -0.003166478314243569
0.3265818756409369 -0.003051931786397945
0.4193378706287381 -0.003209771569267982
0.270814321987436 -0.003288574214934547
0.3651958432978658 -0.003002881148584422
0.2719528624701496 -0.00328249789244213
0.3878452357765323 -0.003042590993793308
0.4394690529626731 -0.003395525382812814
0.4021197720053513 -0.003100708441961194
0.4712488140917733 -0.003807879841051872
0.4722633840985889 -0.003822821412671135
0.2132866067553815 -0.003628967428668836
0.2065607026208098 -0.003671097637438132
0.4743058109392018 -0.003853086341926474
0.4645037285479174 -0.003710543860853866
0.2753182539006055 -0.0032647616030649
0.2456042667561139 -0.003431285787499154
0.2912071916591025 -0.003186141362780413
0.4755118840158762 -0.00387105913080575
0.3740678961613098 -0.003011381314661039
0.2856039793948358 -0.003212826502505384
0.3879218279573232 -0.003042830135550358
0.2141384368632382 -0.003623644386620562
0.3776133134260895 -0.00301723680196726
0.4824812211205711 -0.003975784114264426
0.3435716683435894 -0.003014992184423121
0.2110768390523851 -0.003642791093461809
0.2000320542935344 -0.003712099639085966
0.300699754353536 -0.003143893898692349
0.4251182013047157 -0.0032565755247933
0.3872374178912493 -0.003040719945177169
0.4608831294134503 -0.00366005109643375
0.3012997250018872 -0.003141359121325312
0.2941483669673498 -0.003172635670313654
0.2259665587376811 -0.0035501855234869
0.3495118298708603 -0.003007423862244058
0.4894503403005741 -0.004080267616549955
0.480044769406776 -0.003939073726930889
0.3763837545932955 -0.003015041273328386
0.2830128718411845 -0.003225565966228759
0.3728577807894068 -0.003009712145787082
0.4016199594596461 -0.003098197234122953
0.3812460605051384 -0.00302476920400301
0.311994055190805 -0.003099168013383348
0.4837805655339726 -0.003995358058274463
0.2038697595039883 -0.003687989719608574
0.4251898836048561 -0.003257188907450925
0.2641962745453724 -0.003324604576632697
0.2661323953656151 -0.003313942983515472
0.3323023738853674 -0.003037134204314208
0.4588365263158677 -0.003632145857424716
0.4607819268893186 -0.003658659976946166
0.2604844919482631 -0.003345305366595927
0.2080814170795275 -0.003661559004902845
0.3602991582548616 -0.003001743944941386
0.2055241908941224 -0.00367760243924846
0.4932660525024279 -0.004136417167016727
0.464489754019389 -0.003710346379038841
0.4631717669470081 -0.003691808946561904
0.2700878455381702 -0.003292470819244983
0.2398988341591709 -0.003465307490498018
0.4255513838195603 -0.003260294598712143
0.2803088668951288 -0.003239114210303628
0.2855246324136073 -0.003213212986344311
0.4644532402645934 -0.003709830473524129
0.2433008052334034 -0.003444960766850265
0.32262595007381 -0.003063448616148123
0.2780285966894618 -0.003250732374225954
0.3197782784982529 -0.003072354776240483
0.3798245686817686 -0.0030216337179837
0.2475849571062006 -0.00341959725773144
0.4631877780160149 -0.003692033081371682
0.3649564335496641 -0.003002768590541555
0.4585400655677919 -0.003628144118238372
0.4255925515281433 -0.003260649582759704
0.452884642740343 -0.003553898912330059
0.4038914222359741 -0.003109898605073947
0.3944663471012799 -0.003066103354406668
0.4153699309790944 -0.003180658322875272
0.3717815377056007 -0.003008365868209967
0.2445236368993703 -0.003437690518813728
0.3056725527795666 -0.003123406753473812
0.4862877083978246 -0.004033045342300396
0.3853009920113396 -0.003035073229357959
0.3186742033345716 -0.00307594176147083
0.4100553180137811 -0.003145444973080736
0.2649792730536061 -0.003320281268250567
0.389016104137933 -0.003046329485740437
0.28735197294237 -0.003204372000612172
0.3723143584992893 -0.00300901620277724
0.3319538525953055 -0.00303797045217374
0.3593463071729157 -0.003001801845097499
0.3001596031544578 -0.003146190342430518
0.4325466071394037 -0.003324455002004473
0.4001698017865138 -0.003091112551915778
0.445808567527465 -0.003467080498492431
0.3953765082368018 -0.003069793572919894
0.4611487733049573 -0.003663708043952029
0.4559230519013662 -0.003593282274388856
0.419066985952694 -0.003207706428312672
0.4356140242182048 -0.003355023147386647
0.4236240379313798 -0.003243974354431844
0.2422023708833685 -0.003451511367915338
0.3170801781273666 -0.003081249388504415
0.316489999208028 -0.003083252570941527
0.202043258060452 -0.003699462501346029
0.3425931444043174 -0.003016521658380548
0.2463832462865608 -0.0034266808866327
0.3179014872404592 -0.003078495817552333
0.3782825179799885 -0.00301850628354474
0.4012487909806579 -0.003096355445783851
0.2846365945543789 -0.003217554251977942
0.4891234106613916 -0.004075409349726917
0.279245799909429 -0.003244509116594949
0.4232144588463259 -0.003240581499507668
0.2781229947757198 -0.003250248000569648
0.3878634767944781 -0.003042647878745634
0.229392936866741 -0.003529112622146669
0.4336521863558556 -0.003335302156686841
0.211866463930576 -0.003637849089396066
0.2394495360180577 -0.003468007337733218
0.3734630339237095 -0.003010526321227963
0.4419990639717201 -0.003423353100258974
0.4225099781880701 -0.003234807428689158
0.4117984409102885 -0.003156522449542102
0.4677710846603227 -0.003757218911909698
0.2693022258678722 -0.003296701419336901
0.2051156688416997 -0.003680166837020262
0.4511484814642621 -0.00353194734864392
0.4761742907729407 -0.003880957426413234
0.4435962302045027 -0.003441421597033025
0.4805113046476897 -0.003946100107835048
0.2121851359001407 -0.003635855342012856
0.2271116264089365 -0.003543130795962521
0.2756138418979004 -0.003263220300173282
0.2503086050273857 -0.003403636883426182
0.4020309723931912 -0.003100259676758331
0.2631615669210347 -0.003330341361345712
0.2834138588456177 -0.003223578639969909
0.2132916260932403 -0.003628936053195268
0.2848703827411836 -0.003216408551347665
0.3275419610332259 -0.003049291797533373
0.4495166656880815 -0.003511694124268779
0.3854799079196931 -0.00303557503795079
0.3779054055245306 -0.003017784408966903
0.3511385836481853 -0.003005882465867351
0.4727015544760473 -0.003829294260567165
0.2067431685165074 -0.003669952805414342
0.2176731332822061 -0.003601596037325162
0.245912456222355 -0.003429462724282007
0.388273881835532 -0.003043939066962049
0.3506507349532021 -0.003006320088765339
0.3733956110590403 -0.003010433581437432
0.2734433921593577 -0.003274600430037447
0.4467899893316879 -0.003478694630907428
0.3299669913276196 -0.003042901867496771
0.4561349704816332 -0.003596073638295564
0.4934942838769852 -0.004139737491003552
0.4522301628643808 -0.00354557568266165
0.3577184639637676 -0.003002105670224465
0.4563406000985574 -0.003598787584847403
0.3805635600867496 -0.003023233316244853
0.4586763727025308 -0.00362998274598001
0.3008308739174639 -0.003143338498521706
0.2514769146860082 -0.003396832560829922
0.2821131777769177 -0.003230045617417781
0.4525826439688874 -0.003550051111224907
0.4519422967430353 -0.003541933173906641
0.4629158186404808 -0.003688229602941506
0.3375902300975072 -0.003025534254203582
0.3616151333008284 -0.003001811648878647
0.4495394949300697 -0.003511974894726318
0.280454326268214 -0.003238378988242608
0.4932087162011816 -0.004135582266683458
0.4412323255856667 -0.003414816391530066
0.2674528969231479 -0.003306727500160095
0.2040345400612994 -0.003686954927850167
0.2560813942548426 -0.003370277467017425
0.4930772730138617 -0.004133667112857664
0.2672658778129751 -0.003307746589401312
0.4893814016558924 -0.004079243691503007
0.4395320449813014 -0.003396206320591347
0.3906240020449774 -0.003051753991619633
0.4205307509904939 -0.003219001803871305
0.3961215904413199 -0.003072898672034778
0.3482733564680081 -0.003008753238826554
0.392741586166515 -0.003059417970770591
0.3108001411837275 -0.003103583636598035
0.4648303314871532 -0.00371516470712845
0.3134139734019868 -0.003094018455340041
0.4245888979006519 -0.003252071369315462
0.2022690806016565 -0.003698043809319143
0.2048903610485304 -0.003681581297018716
0.345691669809764 -0.003011948815168414
0.388262278682905 -0.003043902263483335
0.3800528218311398 -0.003022120775530023
0.3466018452939957 -0.003010757471403334
0.4883075769972567 -0.004063259847319305
0.4238085248509432 -0.003245511219653813
0.2555690860727177 -0.003373210583554071
0.2177688671665945 -0.003600999856242179
0.4897346820309109 -0.004084487819642361
0.3264491925802934 -0.003052301473250411
0.4599769678241511 -0.003647636249924071
0.4184524206968797 -0.003203063496168634
0.4756977560897501 -0.003873834783479704
0.2313618796567117 -0.003517056170410469
0.4138416076941484 -0.003170091901000764
0.3811872900729143 -0.003024634725919241
0.3182305852111484 -0.003077403690884051
0.2357583325393739 -0.003490291900541927
0.2246242991264143 -0.003558469947248265
0.4602582037839991 -0.003651479348528932
0.25565445654177 -0.003372721427051241
0.496438304480397 -0.004182083726756982
0.3070529297387466 -0.003117936307252195
0.4438732515985921 -0.003444594574757994
0.3445431588407264 -0.003013551302547672
0.2538682915723385 -0.0033829873980994
0.3929008282844303 -0.003060018445133339
0.2003051191570191 -0.003710383696225317
0.338380966141285 -0.003023979709106913
0.4616891484289394 -0.003671171096807141
0.408693119491805 -0.003137105575827161
0.3240206159314471 -0.003059272724977896
0.4683677310421932 -0.003765843688081724
0.3141748748294046 -0.003091305206809563
0.3984873730896765 -0.003083265342223161
0.3674275571468071 -0.003004219111856849
0.4865314434289048 -0.00403669989825404
0.4668269873413309 -0.003743633136396233
0.3340347679505773 -0.003033107128798082
0.402989636551651 -0.00310516425878798
0.3547225349019424 -0.003003327104654725
0.3885333462121789 -0.003044766593878948
0.2473311569748917 -0.003421091238721279
0.2844360262818696 -0.003218538742191807
0.4162401773792506 -0.003186835143028535
0.4060723054970802 -0.003121836151146391
0.3128397037983265 -0.003096087672877604
0.2645433707414511 -0.003322686171296946
0.3161755095328065 -0.003084328317867418
0.4529256141663992 -0.003554421878990831
0.3422770613995522 -0.00301703232308982
0.2060228623437218 -0.003674472636155317
0.2809710082647274 -0.0032357732496386
0.4823692843098741 -0.003974097282212909
0.3304776459490096 -0.003041607956669642
0.2401912769407633 -0.00346355173285023
0.2390010221179018 -0.003470705299994336
0.4511790417229814 -0.003532330179228623
0.3169916634391824 -0.003081548523287504
0.3001924570191618 -0.003146050277344912
0.2274185106711235 -0.003541242141813917
0.3194172098123247 -0.003073519716190302
0.2167079651437134 -0.003607609630379463
0.4758675351998519 -0.003876371377467323
0.488777771131945 -0.004070266415561916
0.3604923012288368 -0.00300174311214369
0.4581953934027575 -0.003623504791356463
0.3778092223271243 -0.00301760297818453
0.4574974012618619 -0.003614153661632329
0.3171887515331064 -0.003080883094497333
0.2782313153495261 -0.003249692546427319
0.2987325341950381 -0.003152322295608285
0.4106037905946276 -0.003148881183705021
0.4973742977593905 -0.004195336283085248
0.4656715833700787 -0.003727114160061745
0.3286536772201506 -0.003046312509046634
0.2434919452184564 -0.003443822798860132
0.3327613192795404 -0.003036046261835778
0.2137563911506477 -0.003626031348195261
0.2241394658936954 -0.003561466107137382
0.333918329350389 -0.003033370976308628
0.357392569897754 -0.003002197230297215
0.4914475226369064 -0.00410979617009205
0.3332046398826429 -0.003035009743467065
0.2527804983875257 -0.003389271317768485
0.3379866246901791 -0.003024748971377978
0.4616279939199649 -0.003670324893541517
0.454186770786501 -0.00357062894099676
0.3110159564476437 -0.003102779722451915
0.4186350698504349 -0.003204437247063115
0.2801087226624751 -0.003240127007533786
0.3597492565249693 -0.003001766473175015
0.2277409327561588 -0.003539258819016604
0.2135591849174887 -0.003627263732157469
0.2826174079543842 -0.00322753150371577
0.3668306893528777 -0.003003809861067012
0.2176379881642986 -0.00360181491675892
0.4820376494829833 -0.003969099504243339
0.3593571394200225 -0.003001800686229649
0.4670112299087364 -0.003746278360670846
0.4722917448412974 -0.003823240017554029
0.3374329600017383 -0.003025849141430154
0.3102486231357943 -0.003105649449975069
0.4641125563700079 -0.003705023275585756
0.3076973728043343 -0.00311541567221386
0.4830463498621086 -0.003984299311017846
0.3121293290279009 -0.003098672619744293
0.3653982573547087 -0.003002980962800256
0.4972592980951628 -0.004193714038578199
0.4467284108136034 -0.003477961769353995
0.2776245810277327 -0.003252808726028508
0.3283517226868894 -0.003047113412451371
0.2873515021737798 -0.00320437426206139
0.2306030062146199 -0.003521698150443073
0.3712070029561679 -0.003007699966080123
0.3886636324219312 -0.003045185408961456
0.2077887028127204 -0.003663394554637446
0.3961966751429378 -0.003073215806201987
0.4626439326338014 -0.003684434869214307
0.2647311187055484 -0.003321649759040837
0.3213908414197502 -0.003067249563629339
0.3500484398441225 -0.00300688953779244
0.4318103643789786 -0.003317338325035184
0.2298044141090208 -0.003526589673226194
0.2746612237050696 -0.003268197297699553
0.3819361292541823 -0.00302637966824381
0.341307593941666 -0.003018648750069858
0.3754563357055386 -0.003013501559085994
0.3494387351481261 -0.0030074986039859
0.2120239603295238 -0.003636863672172804
0.3866247915514834 -0.003038881954287109
0.3319226771064486 -0.003038045677217862
0.3103781911665833 -0.003105162660085436
0.4334152315824373 -0.003332961127795715
0.4335136124644526 -0.003333932023706585
0.3635168309038694 -0.00300221662010678
0.4344540564139123 -0.003343289818656362
0.4668764669103984 -0.003744343235505889
0.3496560070724152 -0.00300727781082729
0.2677083887326169 -0.003305336814578004
0.2190956885487959 -0.003592742928561454
0.4679021465249659 -0.003759110934932156
0.4972106789807169 -0.004193027676191338
0.296429785190355 -0.003162411037642929
0.3493190750418246 -0.003007621971094836
0.3003030684913388 -0.003145579078304016
0.278549697857797 -0.003248062144901114
0.2013684806336451 -0.00370370199836247
0.3096487207264094 -0.003107914990200465
0.2225362264738034 -0.003571387332355533
0.4860931902316463 -0.00403012730355492
0.2533947599995838 -0.003385719964349349
0.4911712059889702 -0.004105727582750697
0.2012649803668319 -0.003704352309362942
0.4824865466471248 -0.003975864366080675
0.2609792359296743 -0.003342527002818515
0.4988506959138287 -0.004216004820942346
0.2646542227110727 -0.003322074134332934
0.3064415428343244 -0.003120347312596652
0.2847303842178025 -0.00321709438750417
0.2052507600231334 -0.003679318796789316
0.2968553875849819 -0.003160528641283392
0.4675344997427278 -0.00375380721161992
0.3604642569319367 -0.003001743004073775
0.2199879748409442 -0.003587196525035629
0.4443919155099966 -0.003450566173774331
0.2378719064566467 -0.003477509576594176
0.3136941412622095 -0.003093015637560378
0.2480145338255585 -0.003417071143018611
0.3176470511419893 -0.003079344589401862
0.4944891136132282 -0.004154150907212588
0.3892004236494028 -0.003046934187466108
0.4320577697947954 -0.003319720263518598
0.2138862033784862 -0.0036252202237077
0.3501544349033842 -0.003006786995328696
0.4228304831148605 -0.003237424687544943
0.4984321183449929 -0.004210175649441525
0.3461037249381521 -0.003011400807557172
0.405735566588312 -0.003119947610831381
0.4737105374256295 -0.003844241795686151
0.4998016539027904 -0.004229153137832313
0.4651248362638082 -0.003719340287227581
0.4733125935727849 -0.003838339651763821
0.4009087467725029 -0.003094685315312934
0.4892824037742483 -0.004077772813260268
0.3668435223583423 -0.003003818263066082
0.3065081635947109 -0.003120083669219914
0.2671245768151361 -0.003308517176422533
0.2603934447261759 -0.003345817291251894
0.3653211607197571 -0.003002942442041088
0.4254142796566384 -0.00325911429433676
0.2064094482574273 -0.003672046703260599
0.308642671341036 -0.003111757178253769
0.2561755561277007 -0.003369738968174835
0.343127450330294 -0.003015676847310651
0.3635797492875986 -0.003002236294842546
0.4198228927714978 -0.003213497782454968
0.4646823317307077 -0.003713069486750817
0.4602820714108435 -0.003651805915900658
0.2280469930617884 -0.003537377059696633
0.297425385749831 -0.003158020128846646
0.4097957008778152 -0.003143834193405519
0.4919499577731402 -0.004117178975044887
0.2755436234183879 -0.003263586198193879
0.4492941325402592 -0.003508961109035623
0.3221233456117234 -0.003064983784461992
0.2827900824413633 -0.003226672596021449
0.205697932839664 -0.003676511923395282
0.23452855290441 -0.00349775536196355
0.3116398939284928 -0.003100469757227187
0.3053308951863836 -0.003124775591982302
0.4670681502726956 -0.00374709618518125
0.2798202749826847 -0.003241589028124031
0.4049199719856551 -0.003115442231757708
0.4885372487052123 -0.00406668372747478
0.48921147127721 -0.004076718568479173
0.4580617381015634 -0.003621709616223451
0.4795616669526517 -0.003931800892847968
0.2382657700096498 -0.003475134105114769
0.2294048520191095 -0.003529039540807083
0.2746951613252436 -0.003268019507582574
0.4734111257424058 -0.003839800233505177
0.4457445643871106 -0.00346632799526771
0.3066062473762535 -0.003119695925405457
0.2257724564084893 -0.003551382552502774
0.4724323949378438 -0.003825316741650388
0.4523123117969715 -0.003546617218179613
0.2430524462907705 -0.003446440245249093
0.3389136383341826 -0.003022959627503074
0.2304763457132808 -0.003522473523229562
0.4759813935533768 -0.003878073142629482
0.3390351058929146 -0.003022730088794385
0.3684848853367176 -0.003005037276056938
0.3402235521821138 -0.003020544958523054
0.4294398755733078 -0.003295005806795922
0.3292651722978958 -0.003044709690620399
0.2403411023998914 -0.003462652690668967
0.4607679548171019 -0.003658468008360729
0.4200010868468935 -0.003214875982339101
0.2324555010694052 -0.003510377623631123
0.2814784027944474 -0.003233223251247075
0.3420273523883529 -0.003017441455232493
0.2789860913068264 -0.00324583284025387
0.2644782667559679 -0.003323045769499949
0.2725932098262682 -0.0032790969970029
0.2006891216057466 -0.003707970696921101
0.3005879372210364 -0.003144368171821956
0.4930570738817515 -0.004133372666545492
0.3482228706248069 -0.003008810257598271
0.3546753698471036 -0.003003353079985798
0.4788540882884342 -0.003921155922235618
0.2340039786117098 -0.003500944579665554
0.3373934309208545 -0.003025928583182749
0.3016461782857213 -0.003139903132731992
0.3784016894553633 -0.003018737897658595
0.2692544726312418 -0.00329695912915945
0.2512794974804656 -0.003397980515363999
0.4761337801541726 -0.003880351572760509
0.2871862521695406 -0.003205168600652957
0.4644055848183561 -0.003709157343649307
0.4274898338028349 -0.003277299886658225
0.2839496273803158 -0.003220932288935327
0.446285330322748 -0.003472704881857112
0.2260269322255083 -0.003549813268375964
0.4549906314743151 -0.003581068550249533
0.284137415912979 -0.003220007176672398
0.2992503636788289 -0.003150086451891018
0.423611693612283 -0.003243871711430055
0.2499772037630211 -0.003405571655059856
0.4114768021307545 -0.003154443990970704
0.4839041899869659 -0.00399721943116129
