72
-1.931548947902186
-2.806843225288598
-3.350822394877122
-7.969322206438204
-5.449185716197445
-7.681533873864234
-8.76324371051194
-14.27833776095805
-15.49018620070545
-16.07050451267068
-19.27625929623668
-17.74283223307823
-22.21958523859251
-26.91490188935534
-20.41776876916074
-21.97583780715979
-19.73596867068483
-33.42405775814507
-24.14631413302678
-36.1308853310211
-39.27629238240248
-42.60139635512671
-43.10430001239493
-41.76224087633297
-37.6425428142038
-29.87453924951821
-34.79025424355189
-39.89228503214769
-57.48917150147685
-41.47799186477343
-56.28981503857756
-61.24589350691341
-58.93870426851264
-65.713203651697
-66.71926532952082
-67.53090546630831
-44.88088639214676
-44.009953929116
-64.76537750650449
-77.36514920246096
-72.37349247810127
-59.34759237028083
-60.74601754115243
-64.87386391725104
-60.09889075537162
-81.59860270172292
-86.85110549202707
-71.83057150609353
-79.90796349007076
-55.93772500564241
-66.45373981932819
-78.05586892275879
-55.92462517969523
-63.56418336721335
-68.26422747143742
-87.40946590500393
-75.58970908848087
-88.72235104195885
-117.1508593522715
-78.51122828131135
-116.6500216515967
-111.6873127863218
-77.01464250777597
-108.6922738164162
-112.7197210503369
-74.49547820095695
-105.4697426583011
-132.4059609530522
-88.79444738281629
-86.43781778702413
-133.5705402081695
-75.74998914997559
-120.2940634173779
