112
1.446299211180303
1.584191452064827
2.081305666732232
2.273250308133266
1.817428728575925
1.74463173163558
1.352207605967861
2.050961112791887
1.59685381774984
1.462270739298533
2.190322669067384
1.368129298180867
1.390964725576977
1.914522209014009
1.887351597623551
1.809760067829797
1.727041439420516
1.461539460915485
1.544603597657989
1.684173295193572
2.072396867351651
2.049766620190333
1.833670210066983
1.80489187042289
1.85069112728722
1.8850002265919
1.544468326552896
1.976379828032377
1.424497040780492
1.560621280381559
1.965481540510376
1.680596252333092
1.954612732446386
1.666387207060674
1.573446560094061
1.782341461204244
1.421318938878187
1.344754166434218
2.252402574186494
1.827972757182257
1.616824906286981
2.062325243253878
2.005902055735421
1.817589632418188
1.987147452077525
1.903553653540906
2.046449700620281
2.133288891870337
1.784193114828688
1.601353298460205
2.236562187254271
1.866889981808043
2.0702199188409
1.689832396948959
2.090881852603229
1.54051104612812
1.993932623913154
1.645650179156125
1.52719087434243
2.228229665065943
2.016071460091915
1.911772415043168
1.528425917026738
1.590284192538301
1.588459622285776
1.520972477493097
1.791725653932908
1.819578561345897
1.675526644481545
2.054428228301335
1.657851318528154
2.102151551322756
1.736353471182917
1.28335337389128
1.53934118355901
1.343100923078507
1.606007027804482
1.596090884361225
1.895489815321141
1.400500142442808
1.616544183011793
2.142352002757347
2.07719012480508
1.306364101852693
1.451784399706304
1.787671977226376
1.656675148162746
1.456017023247163
1.852422156754798
1.993666023059407
2.103346688685402
1.488093616846713
1.525038437730278
2.050872606084436
1.381650073411013
1.238367731840055
0.8830847982701774
1.113819042024584
0.8504980752998951
1.14584178241754
0.8361914006295574
1.049760666015214
1.020474173500889
1.265287675909133
1.069486189677373
1.335535425600845
1.338754816776959
1.466660832393524
1.557343235443972
1.238731827098751
1.594820733169476
1.001702060569638
1.107088446837658
